month,dayofweek,X1,X2,X3,X4,X5,X6,X7,X8,X9,X10,X11,X12,X13,X14,X15,X16,X17,X18,X19,X20,X21,X22,X23,X24
1,0,0.03151314221535654,0.030283878798872628,0.030128532323163135,0.031132977548092283,0.033849128660652865,0.03830593220911372,0.06387152364016355,0.05818545667521876,0.048760460558880656,0.0480117098436597,0.044117434216556846,0.040227983014165476,0.038515312241591756,0.037532094485393096,0.036797817044306555,0.03596512133910593,0.03742788691162523,0.05505247526758672,0.0581767727107381,0.046743851029483995,0.043618588701390314,0.04079244070540809,0.03724552365753147,0.03374395620194271
1,1,0.026066562815382575,0.024795383681771636,0.024874216496259132,0.0262620025012995,0.030046798771850444,0.036179334798857245,0.06546983125671822,0.06275913208355949,0.04972297656284001,0.047143665413827106,0.0425730045238539,0.03966850801508007,0.03789641203941313,0.0364191179429234,0.03536308669885126,0.03555113580840998,0.037860280332773014,0.06198394274109907,0.0691281665540288,0.05192290479213182,0.04582567929661421,0.041794530480789835,0.036873227801377445,0.033820098590288616
1,2,0.023647894186554056,0.022838990793093306,0.022974759676387888,0.02400698384984723,0.0285850598398181,0.044011323378640395,0.14411486301300336,0.14501956594561125,0.06577685178605867,0.03734786271862596,0.035242176159491656,0.03203955315542111,0.03020730766497823,0.028814724960157544,0.027380904043121216,0.026982479469714663,0.027935399388913137,0.03947385116685108,0.04298417467745373,0.03501568320932264,0.03288208155268848,0.03028090201293231,0.02748558565874555,0.024951021692568503
1,3,0.0300742561942728,0.02867217188287259,0.028844040282334553,0.029993749417682725,0.03368801543559141,0.04366452373909654,0.08259542992880127,0.07257007481702801,0.05217924607665151,0.04615390181972453,0.04246777693652719,0.038897437080335814,0.03696527444217398,0.03579656932583264,0.03417105609513187,0.0341529646846622,0.03558309068229041,0.050916465625867824,0.053454690514763946,0.043244803016199956,0.040748188371384095,0.03744198310805004,0.035147087689971115,0.03257720283275306
1,4,0.0331027068268914,0.03097188519063662,0.03109734764217293,0.032003125341069166,0.034818380351152055,0.04102316159257751,0.06691432750595945,0.05898673260075501,0.0485509086847557,0.04550920924994874,0.04348650972640006,0.040519271746569926,0.03839151017010872,0.03711342519632834,0.035882261139382664,0.035269229160737804,0.03699000278465441,0.05452108534200759,0.05523305925397782,0.045484728771600196,0.042367547861885214,0.04056313260361107,0.03672275756268277,0.034477693694134774
1,5,0.03668069816817782,0.03396325818840847,0.03262719231235281,0.03238168493922902,0.034188745646985694,0.03700733887920089,0.04467285879111327,0.04942600797635543,0.05747190626465274,0.05535084900242873,0.04819004167303265,0.04437045271348868,0.03995342735668639,0.03743091812381791,0.0363751310514143,0.035636501572616976,0.03659113539257472,0.04934803567759508,0.05610317631749478,0.04663270305725169,0.04253705001290759,0.04025056503574608,0.037764934592831825,0.03504538725363651
1,6,0.0352498699635898,0.03212267856052326,0.030889701748068404,0.031348777657744166,0.03289973824249738,0.035625764687796796,0.044014429303362836,0.04839565604685102,0.05211880379137738,0.04997083393876601,0.045804404180538966,0.04282778125243489,0.040156506979849106,0.03860765224789257,0.03723779500365366,0.03709670286627625,0.03825071019885569,0.053053802433102315,0.06357780178449966,0.0493127549398042,0.04503682083614991,0.04229921220046876,0.038271768726822454,0.035830032409074536
2,0,0.02858771601630044,0.02650086457079874,0.025991475635282573,0.027345211491207666,0.030663191530239754,0.03740406297715713,0.060908001577462505,0.05540963465563791,0.048445036554660086,0.04774604875977066,0.04482496233302661,0.0435634979219965,0.04234500925242434,0.042375345069924054,0.04135403921410008,0.041897555944303444,0.041434934727432676,0.04865485929236648,0.06888632157988937,0.047785232524041134,0.04286198214231543,0.03938094708422234,0.035056829098116145,0.030577240047323883
2,1,0.02608478809573131,0.023909076635444965,0.0231622890753952,0.02489995553579369,0.028644448637244642,0.03587614937334497,0.05353648769713674,0.04831557184003969,0.04551973643412899,0.045238701539622624,0.044084215470641105,0.04328465140458075,0.0424771708626188,0.043365135576246876,0.04302472711247861,0.04384804060624373,0.04435469506394533,0.051628617004854126,0.078509010928695,0.050434548556364645,0.04568730184071259,0.04212356827234789,0.03777478417707575,0.03421632825931208
2,2,0.029144796892680007,0.026798421339777837,0.026032789361361365,0.026995037715187502,0.03046902771249217,0.03699643095705299,0.0591450703326723,0.05021530144154959,0.04491447187669679,0.04442227989057192,0.04381680562192624,0.04364102276973879,0.042914453647363966,0.042808983936051495,0.04270481631994043,0.04403555761575951,0.04243658470845438,0.04816580359456401,0.0705891850576763,0.04997311173409133,0.04581031337525211,0.040825892944336736,0.03498990225171323,0.03215393890308896
2,3,0.026895284973157598,0.025623463430616077,0.025273905988396243,0.026458015700417663,0.028803017286969892,0.03733557256477132,0.07042228086875989,0.057773718955816455,0.04786615174662632,0.046274439998658524,0.0447123954874843,0.04315938013533419,0.04181790508032083,0.04124003890277659,0.04031132540315196,0.040524155580149254,0.0412271401041707,0.04796805225561291,0.06724272701240608,0.047710076283494954,0.04360954820668003,0.04028294804621897,0.0358728488028625,0.03159560718514678
2,4,0.029245733969665472,0.027417164275362872,0.02680005361781123,0.028358005113925208,0.031088213945183376,0.0361604083046908,0.06611556661633673,0.05441954925630578,0.04961038566886954,0.04837363521172713,0.04553087955972695,0.044165142858588094,0.042010313841235644,0.04193064586700254,0.04168658366022494,0.041023948445968676,0.0412996249282356,0.04886175962528232,0.06297437220371734,0.04425113368791904,0.0413464140559598,0.039000634814651824,0.0356722838911356,0.032657546580473505
2,5,0.03375162326011567,0.03091337241344757,0.030198393192531165,0.03058567360386089,0.032306769417847124,0.0357909389925022,0.040698296372428354,0.04455755921260205,0.05078925310399833,0.05555307298881626,0.05178995318781881,0.0454106594193773,0.043015208203844905,0.04366383518645656,0.042336790420361745,0.04168951756506243,0.04138213066516087,0.04794693987539321,0.06381731197603736,0.0451831660309039,0.0423354362930494,0.03863325222110733,0.03548896860185001,0.03216187779542657
2,6,0.03138048860189388,0.028661139881650078,0.02668485248882921,0.027476219906371436,0.02894529335293992,0.03108781052646534,0.03822858725997911,0.041581598221199265,0.04871100881586145,0.05090325284686258,0.0478812806796951,0.04567198744041656,0.04454816046146524,0.043765317648061706,0.04308334931696609,0.042635807599684585,0.04264859450589264,0.05008347008219138,0.0736852574075258,0.051279756196321635,0.04566488360363431,0.04218684511504663,0.038433177759307796,0.03477186028173816
3,0,0.023946638152702465,0.021738842638560046,0.020708266503729728,0.02138343644186461,0.02399450087833193,0.030800173120496963,0.05110517070190178,0.0491183584103465,0.042087629522136516,0.0422128872934647,0.04265078031518113,0.04313449935079813,0.04151124010285394,0.04362534687746633,0.046818910868402966,0.05167544998599761,0.057989256345629986,0.0568374958629293,0.06821354922477658,0.06214211156088494,0.05209806766974719,0.04065174775325237,0.034650576644008245,0.030905063774536015
3,1,0.024792823548102253,0.022352519553836322,0.021226580655649276,0.02169302786121487,0.02452588643442214,0.03170086047963705,0.1000145937937583,0.0898802200522421,0.052279033336658516,0.04107136919342504,0.03722063968846869,0.037589179163757154,0.03727421184277128,0.040420190421298824,0.04257785511872698,0.046100686093038225,0.048918766140920625,0.044467659044642234,0.05157520606806251,0.0483516402315795,0.04087740104853638,0.03513409664416637,0.03182093599790146,0.028134617587184066
3,2,0.029526191695228646,0.026892292774768487,0.025885693352421763,0.026147670091931006,0.028872880407074895,0.03504183475029051,0.05952524597006943,0.05146158018716662,0.042890266531438834,0.043522924051747465,0.04310115237154172,0.04258806929665224,0.04275438647982617,0.045482857916208756,0.04713733342464473,0.04984623813359509,0.051592025036714784,0.04752214573081183,0.05643913823784228,0.0516865975526372,0.04725255970841228,0.0385236251928138,0.03542882113728343,0.030878469968878032
3,3,0.02881588959601549,0.0255224906613171,0.023476411178749313,0.023803913599889315,0.02660659933591588,0.0317385514665191,0.04908429026009961,0.04681987583010515,0.04245209601549529,0.04315573983121195,0.04292443449086885,0.04339569210016603,0.04341839028776978,0.045451499377421135,0.04749433626175981,0.05066883992805756,0.05606560424737134,0.05275058799114555,0.06045824398173768,0.05703189851964582,0.051105509822910886,0.03998988309352518,0.036291159380188155,0.031478062742114
3,4,0.028832010691057088,0.02532943121320068,0.024391143431117743,0.024806593397057358,0.027265666694146384,0.03340738394519097,0.05133898547769152,0.04654449762011169,0.04421233723689977,0.04747519232187718,0.04579712157172423,0.04486317269267984,0.04456161893150174,0.046894864040473286,0.04871828804241712,0.05212541165342578,0.053591960880450186,0.04872588112273455,0.05316566365691427,0.04996463794023596,0.04619304647399043,0.041141478611377465,0.03735470098449709,0.03329891136922763
3,5,0.02968294956641643,0.0271143439388159,0.025819531282022176,0.025780644862946393,0.02785633885415386,0.029878432646094702,0.033368751504221285,0.035803882125804924,0.04191115188930193,0.04727957969035901,0.047485572613030734,0.04854181183387301,0.047931189955953246,0.04869315357297877,0.0501540217490691,0.05626759741836216,0.05842526818491859,0.05356551678474474,0.051147201911950636,0.05223391967747393,0.0482002419365857,0.04069831600785716,0.03758950445039301,0.034571077542672586
3,6,0.03363655264793733,0.03031939952966149,0.027725083196005536,0.026719788928832554,0.02725944346866975,0.028622358232045803,0.03354699295834734,0.03598921680139777,0.040786401200205845,0.04499455840978735,0.04610946172506802,0.044708656323788495,0.043706276721069616,0.04369479470958373,0.044492794507853616,0.04849542371183756,0.05370481232298934,0.05018098299796735,0.05466241208091321,0.06416377658549358,0.05646049507960479,0.045557176972596335,0.03943382024716709,0.03502932064117673
4,0,0.025602395131133052,0.022962972952665722,0.0212810637834672,0.021274320734106154,0.023876174494704788,0.030456427378321674,0.0465395633971868,0.04259006305714447,0.04062494581478193,0.04115668342153886,0.03970692780891354,0.040853246200291696,0.042707584774579865,0.04746336115965036,0.05399833928327164,0.06678894062841367,0.08020086580753796,0.06485850192562224,0.04816849146426281,0.04720616199116468,0.050052692114292766,0.038592398078808904,0.03384336474309945,0.029194513855039857
4,1,0.0281040749739055,0.02385432088038417,0.022047479166179305,0.02177455917852197,0.02484797242728353,0.031227616383665342,0.04256549244234425,0.04094579586253298,0.039758315426440254,0.04109283846812796,0.04167989493137454,0.04316034661952391,0.044006955560828294,0.04866776057453557,0.054502678514735996,0.06938405857642706,0.07438684904405597,0.061542900237161885,0.047977105911892526,0.045083040083591486,0.04947760886444119,0.03952549796758156,0.03471876430741262,0.029668073597052022
4,2,0.025796595070999486,0.02347494767062147,0.02158832068273973,0.021932182971662523,0.0236191852079213,0.02869403872027842,0.03943800439866795,0.037045969080087615,0.03664325787594649,0.03813063536058231,0.038629120289490504,0.04135347889400965,0.04322048957681862,0.04733299024031129,0.05217244809179509,0.06254024227290665,0.07313304701220598,0.06487112087567186,0.05117201653308348,0.05252207988220986,0.06327989236418019,0.042985093915945294,0.038344106915786054,0.032080736096078366
4,3,0.02800934916495589,0.02466986628197303,0.021598559248367823,0.020844892637185815,0.022972960476428265,0.029067025467458242,0.03854449869611052,0.037357358190460335,0.037721476261813616,0.03807519095969964,0.04017782833046661,0.040857515396992734,0.04274630564648874,0.047687908043425986,0.053764634078677244,0.0659481403391962,0.08065619856109785,0.06491127078362831,0.049933880781963785,0.049231075107732704,0.05420619948584216,0.04115805729715733,0.03767755090717416,0.032182257855702896
4,4,0.029175504618542597,0.026560611244155548,0.024570646595963055,0.024233093853347022,0.026213935454441787,0.03223514653894401,0.041074238795757785,0.038323640095792,0.03861443722203216,0.041355912874900216,0.04181776713422284,0.043106397536777294,0.044905918576804656,0.04830539400159654,0.055535408826548074,0.06423309385334704,0.0725065571901015,0.057363439388755856,0.046717983806591416,0.04549891663815715,0.04871479074010721,0.04038658912076634,0.03650587296156917,0.032044702930778886
4,5,0.030842288009622257,0.027119336427282734,0.024341590168956873,0.02326702901428588,0.023786721737453047,0.026860624765968063,0.03307537813886462,0.03423844591451169,0.03913127347411182,0.04363489884147102,0.04582713976103212,0.048702470242485446,0.0487376459508221,0.051170443327395065,0.054596103439276525,0.05943786948677507,0.0638995109441841,0.054141088631438,0.046995881038023796,0.04779357532707735,0.054306754870700906,0.04448025054181938,0.03869327917030716,0.03492040077613498
4,6,0.033155466308676364,0.030065543810565972,0.0278566835508726,0.02673871597306048,0.026973365071128012,0.02881107363243572,0.032413162911905054,0.03476078201324413,0.039847478086256105,0.042525636542084536,0.04319461209570976,0.04429114538090994,0.0435014609162596,0.04581072391502996,0.048457294992272366,0.05154947373171035,0.05527001568087723,0.05177396974380379,0.04953690646751577,0.05623230260708685,0.06818925352255677,0.046036348047787196,0.03917399004997574,0.033834594948275676
5,0,0.027654856226655155,0.024463105919046605,0.021827743200205803,0.021802815440852403,0.02461466669591524,0.028263093554877963,0.03315192571926557,0.03318582747198618,0.034753284980127586,0.03600764983079036,0.03875070047003783,0.0418566992854707,0.04590097896296532,0.05464563694413589,0.062266551533655456,0.07807374229482958,0.08202628781790373,0.06492484779110139,0.04873476664625913,0.0439286946429248,0.04647830586958992,0.03943571529706909,0.03576435489950124,0.03148774850483299
5,1,0.02587324998621161,0.023977568510515652,0.02210412637639285,0.02181323578861595,0.023508763190153485,0.02728856168392736,0.033055667740678606,0.03253437757420378,0.0336000868223895,0.03519331325269051,0.03733985450133168,0.04074247376202481,0.04552482177391664,0.054100311884526214,0.0674572604333647,0.08234872355075107,0.09106209757911425,0.06354402589015187,0.04661988695297892,0.04389245410244685,0.045313992815803096,0.03845537987464128,0.034360672304191486,0.030289093648977784
5,2,0.023757476521383176,0.02205388345414717,0.020735291767894383,0.020461377741898424,0.02216801429831216,0.02484704564701156,0.029548475554314488,0.029358257480706182,0.030256847660431834,0.0318660925631581,0.03347229397670666,0.037346655699960665,0.04204732473496915,0.05182149022925844,0.0698298156939041,0.0948328401612745,0.11574389342918297,0.08344638627508119,0.04438015918970143,0.03923742335162724,0.040332318583316665,0.03402012202869858,0.03091728481199987,0.02751922914506106
5,3,0.026386878615680644,0.023684591656913903,0.022259684019534907,0.021678566384593728,0.023589237989261016,0.027366502616378695,0.032773775222619324,0.031662815038172955,0.032508404166415546,0.03368323331693131,0.03598881303574593,0.03868120480258643,0.044356547153738005,0.05159802851794314,0.06652537532013196,0.08727379366365881,0.09988746468091154,0.0643025553883368,0.04648221429207548,0.042400897403951414,0.04441771743110022,0.03751896953270407,0.03443796659203293,0.030534763158581245
5,4,0.027687919747055513,0.02521751840540353,0.023659694281823844,0.023605843571379116,0.025007885282600832,0.02857741808922293,0.03225176745724638,0.031775765641708156,0.03281046857811046,0.03414038880212941,0.03686465777873512,0.03987068136534631,0.04432778927447708,0.05233519759364255,0.061802344813791946,0.08320896383540145,0.09213952719076228,0.06634119040841918,0.04694724168968143,0.04347483248582572,0.043678695889652196,0.038012831855003114,0.0352500980852226,0.031011277877358856
5,5,0.028484022383011863,0.025546764506938317,0.023839342447783216,0.022849324615163872,0.023694836739295302,0.024699202656445367,0.028779182979072296,0.029741529505810976,0.032203250866009385,0.035175354090228955,0.038097239018591016,0.040885891733453576,0.045844179801996426,0.05342099329739479,0.06225941336831532,0.08377949043802652,0.09631356713878694,0.0667667616373214,0.04749420952302868,0.043390657347244135,0.04384262200996166,0.038504109701354865,0.034082849939533075,0.03030520425523192
5,6,0.029858143907024435,0.02683408819005298,0.024163604512049214,0.022297470517860195,0.02256238249871816,0.023805759699196717,0.028175739189882067,0.029384934199282172,0.03273051615108528,0.035751367287643124,0.0384239873525893,0.04092142368825841,0.04604234318919842,0.05428666039993162,0.06305118783113997,0.07785314476157923,0.08223060160656298,0.0663305417877286,0.052170569133481455,0.04688194325756281,0.04715112801230558,0.04114681251068193,0.03581225431550161,0.03213339600068365
6,0,0.028320672756580435,0.026697310060368504,0.025365637901467702,0.02515020632815948,0.025495278140272647,0.02733502564684283,0.029027021410657376,0.029873495911089672,0.03190103111651702,0.03394858429999514,0.03781682024904271,0.04317401247024709,0.04978375817519925,0.058089312592166105,0.06572855431115755,0.08154942963061113,0.08443011199582101,0.05760316169664757,0.04887532326651461,0.043831746034772176,0.041994858239352104,0.037601388675734496,0.034854159497529694,0.03155309959325375
6,1,0.02900352645225014,0.02708693437866535,0.025902447681955678,0.025417271127847394,0.025912093339095003,0.027604906167047347,0.0291048058522131,0.0300500802518674,0.03181812920550651,0.034323106364590406,0.038523790048768436,0.043238587258472745,0.04921214272485956,0.05952142107537501,0.06759869436384962,0.08168810574726836,0.08041777270201865,0.056796522933514414,0.048087459102413736,0.04304278041854436,0.0407934131736527,0.037667255694795974,0.035141058090005554,0.03204769584542255
6,2,0.028076304512860733,0.026032690626360464,0.024993793602193285,0.024374053299464987,0.02487596199166004,0.026770262539622003,0.028757209315713163,0.029582030589445887,0.03189278942501771,0.0338437570833888,0.038063208114010635,0.04286821928552668,0.047893602553078195,0.05862437441309064,0.06601988206045212,0.08321250346299008,0.08816233058332942,0.05975231975361499,0.049052130143664614,0.04335303789680469,0.040668096236944076,0.03695954867794732,0.03465328723209049,0.03151860660072893
6,3,0.02850182641965707,0.025951122258884587,0.02468001569141574,0.023820723876934468,0.024539064662558143,0.02653445573373501,0.028890715402890687,0.02994020619607138,0.03141255007582486,0.03342916871158872,0.03726371597858223,0.04212652647416946,0.04792844442708502,0.05797757350256515,0.06964339389699026,0.08724868686285464,0.08800353905956795,0.05826541927836469,0.047417284671830345,0.04291109726130452,0.040750131186349146,0.037188994951236044,0.034758014254734175,0.03081732916480572
6,4,0.027374949337243767,0.025372574117427736,0.02415167451332545,0.02353831186286643,0.023837086885274552,0.025231925151447305,0.027310034429868183,0.027859314415353872,0.029622836065723846,0.032211942179126866,0.036791772118714386,0.04155635987160164,0.04876357907509573,0.05923485298021842,0.0743941483372213,0.09566376741155137,0.09113720098570789,0.0594104561270934,0.04763755510485005,0.04170033780719107,0.03833641401729233,0.03466456053856071,0.03369416589753598,0.030504180769707706
6,5,0.030242589120843492,0.027792558814823173,0.026459622513849142,0.025450009162285216,0.02509320863228225,0.02537424411146978,0.02550286850006343,0.027166175662151303,0.030322759116473794,0.03369077992190914,0.038369712304244255,0.04297728458057878,0.050093032434489655,0.05729511720677164,0.06760533104041273,0.08172141719408539,0.08494055086477878,0.06120758919132262,0.04825528945773368,0.04276144228465105,0.040838243378486946,0.037914241010388615,0.03606152122126215,0.032864412274643026
6,6,0.030571171823297806,0.028626870888295325,0.027189654332706557,0.026233738205035887,0.025663626388632906,0.02584315908793569,0.025711374446958115,0.027051184963563457,0.029764229637601787,0.03287358319573935,0.0366475897257638,0.0413020704513051,0.047801536150532446,0.05690136110615062,0.06681958778146287,0.07958932849995656,0.08356005703028084,0.0616274639191797,0.049456483852084156,0.04438754998028006,0.04359779709558111,0.03901684837986063,0.03652630965761777,0.03323742340017743
7,0,0.01807911801301685,0.016862278266972945,0.01608910397524247,0.015357803726391011,0.015522308894844307,0.016453507848392033,0.016948518855283305,0.01761999904287902,0.019247603209545685,0.021002325006380804,0.024602495692955587,0.029390094595456863,0.03548575883741705,0.04754448618555384,0.08736819646503317,0.16016771551174067,0.1745499537391526,0.103143245118683,0.03840597482771822,0.03068071241704952,0.028352715033180192,0.025256029862174574,0.021908598934405308,0.01996145594053088
7,1,0.020511143662757463,0.019327623504746403,0.01834546406432483,0.01776061636816192,0.017853783267345123,0.018438630963508028,0.01971111048331982,0.020132465298335442,0.02195493006171255,0.023750947447257018,0.027013592148975668,0.031937011963230934,0.03928818084716962,0.05293502780881671,0.07907826079639063,0.12488271489546374,0.16841690203831144,0.09270407007112542,0.04310020971568467,0.03481797291668294,0.031807780457912306,0.02832514165876751,0.02505468295905285,0.022851736600946936
7,2,0.016506722608353445,0.015482089054290087,0.014582952452664924,0.013979740763579234,0.014163596381143024,0.015072545501683108,0.01610854091975322,0.016523248955999627,0.01779061324111631,0.018976378684729962,0.022244463931762715,0.02650258069247462,0.032432957255634706,0.045332804490208656,0.07821455537411003,0.1665442684044121,0.1843787797564636,0.13416192308844382,0.037421848451326296,0.027899573516941053,0.025184604467691503,0.02247944793735688,0.019841946142698817,0.01817381792716219
7,3,0.017898814704138132,0.016758959034511443,0.01597042062688507,0.015455589765707524,0.01551305650165024,0.01638157438713503,0.017460408677358635,0.01790710887221234,0.01905051918529941,0.020955808080060045,0.02456080898945633,0.028807423043450183,0.034849724485509784,0.04472926354304347,0.07216459421078918,0.14092147022423282,0.20827307718967517,0.10703268435417757,0.038135992364625844,0.030818758801445318,0.02836783213551723,0.025902686895747633,0.022127655540830113,0.019955768386541405
7,4,0.02093761589996239,0.019610602429920805,0.018901064504165163,0.018339483977200095,0.018277670663927586,0.019326524224242917,0.020285945756844836,0.020948137314987497,0.022661155198762686,0.02519089792386178,0.029682226962704214,0.035522269890077514,0.04195282723573494,0.055829916065411635,0.07603103291361654,0.13261323015332332,0.16054692945654261,0.07370382742775076,0.04118279117358493,0.03630611530944797,0.032561806737388115,0.02925347930043112,0.026458070845948072,0.023876378634162507
7,5,0.020199465501964935,0.018454515921765606,0.017652602841616905,0.016730596498257543,0.016336004347708183,0.01655516071743826,0.01711079959422866,0.017978016845155508,0.01986298299490461,0.02192891917723386,0.025738698089410268,0.030741108256052127,0.03771371204956033,0.047357699168035935,0.08016197648053686,0.15230980298617156,0.16608787617001,0.10149541016830214,0.042263973847339875,0.03207763005629994,0.029361419292069584,0.02677360316869119,0.02365892627767887,0.021449099549567245
7,6,0.020416975377591632,0.018773374305500867,0.017926930467853076,0.016870482842636984,0.016448332371708847,0.01635940219636104,0.01675155212620799,0.01758353141726306,0.01959838918523352,0.021830750876042585,0.025023129881449648,0.02933999345345336,0.03540170992369684,0.043911684835744355,0.0669258499126502,0.1411820106041198,0.16936216171041654,0.11637852754130028,0.05015608317221435,0.034090257699290645,0.03084591347093939,0.028430334189955928,0.02449008455331069,0.02190253788505828
8,0,0.011218691748821463,0.010435055808665128,0.009960520711570458,0.009790007335703108,0.010044326221837175,0.010474237605672941,0.01141423793944381,0.011688510518498526,0.012405029491558136,0.013641795658221536,0.015362892371231564,0.017539296077249092,0.021153816851220184,0.04371273647847069,0.11961622155419678,0.24623800329562448,0.21710778839797965,0.1038509901748016,0.02569056103254193,0.018809802124669223,0.018218447225384574,0.015551182673519126,0.013681703044062833,0.012394145659055967
8,1,0.011230955223241686,0.010549151007033455,0.01004927632092231,0.009804862455061335,0.009941223298302979,0.010651680552458187,0.011592397762163214,0.011907926396904644,0.012629775822773711,0.013611919111438225,0.015393930941345503,0.018072817380725685,0.024896037802677917,0.06732255656903689,0.13379277156348232,0.21567797575607772,0.20919893700681388,0.09552128851675995,0.027577685980655398,0.019506850147373272,0.018201928660149427,0.016099555152955438,0.014010299904098626,0.012758196667548119
8,2,0.011895879365843734,0.01118361551702341,0.010800656329004198,0.010569941861966352,0.01066685535175405,0.011186968924974543,0.012115527586642841,0.012408280100776615,0.013395188060794608,0.014412276692372775,0.016343168990634267,0.01939879431570525,0.026368852742131986,0.056498887842253015,0.14587022780706235,0.22629266331348227,0.19584438979879892,0.08416316207590709,0.026209901205248357,0.020756253854323264,0.01917411598297945,0.01683142518831901,0.014450505543015673,0.013162461548986084
8,3,0.01668730027295336,0.015820260758685735,0.015354161623204507,0.015044538626063406,0.015080209478268599,0.015744162940647982,0.016897996106645385,0.017307021878598297,0.018490818560448062,0.020073653175633286,0.02295680925653858,0.027270604316553603,0.03439240886216165,0.05726741296430964,0.10581211353604206,0.18280741021527594,0.1840016703471059,0.06956434474784749,0.03344594225031711,0.028189961080722185,0.026281332682062838,0.02320032227425939,0.02001372614392856,0.018295817901726328
8,4,0.012017529124123306,0.011251693604173071,0.01086107347546282,0.010672548831183884,0.010703725085587987,0.011087743183953839,0.012112158225726354,0.012572099673052787,0.013497117480195744,0.01460809247537259,0.017067348778661066,0.020202579633323236,0.025691434305763504,0.06464341333771512,0.14440987751766593,0.20159703114031,0.20035805011234453,0.09501458681926649,0.02719999823945857,0.020518743530927214,0.01866724079878699,0.016598604624208764,0.015038324786149231,0.013608985216586938
8,5,0.02327360895687365,0.021500775525485363,0.020495266620313417,0.019894813784742647,0.019651637517605323,0.019994651548376742,0.02085254318874685,0.02152288245886149,0.02372145263946087,0.025902907774865834,0.028741865896489627,0.03473783672960011,0.04340161523239022,0.0598591574405876,0.08064537982920611,0.12737159259061168,0.14857642045961028,0.07045265728904815,0.040728102547645785,0.035282665668289026,0.033104776167299566,0.02922180028881638,0.02663243657627783,0.02443315326879535
8,6,0.02387558122816691,0.021974888099259474,0.020842056034898176,0.020311189126076146,0.020121593801496855,0.020084464717100074,0.020823096502440245,0.02119912722952252,0.023317065001177067,0.02515613964959624,0.027951090726102686,0.03224068494470927,0.03829430566242236,0.05464295250479123,0.0760419448056411,0.12060237594540918,0.15117225209226343,0.0775808268568097,0.044584130555340495,0.03836619388965867,0.03642442177375905,0.031709028055368155,0.02750870163541767,0.025175889162573243
9,0,0.025370853157523902,0.024021698290823856,0.022820531160873354,0.022485092290907716,0.02287725979329402,0.024351382082138124,0.0274895442553216,0.027487077793042436,0.028568210425407192,0.030728831381950587,0.03413994871402767,0.038638775911213945,0.04595594733938602,0.06485398132230331,0.07936746752696872,0.10043187754508075,0.10181720719187513,0.06073827793247977,0.046174640328138145,0.04296988367341737,0.038682350078145744,0.03315747457282928,0.02967894060512185,0.027192746627729455
9,1,0.023229256873138374,0.022051616341368253,0.02099451544652005,0.020697924497777947,0.021172945830121588,0.02263210985601858,0.025991359211290126,0.025931089392829162,0.02652665036209472,0.028699535922397854,0.03131651488188702,0.03520233212476487,0.04115873484134763,0.06349504677255122,0.08547687700833309,0.11717562942309095,0.1249353685499399,0.0677845131943321,0.040238034061963725,0.03747831079559333,0.03428638948894366,0.030540937481165684,0.02763450478827847,0.02534980285425172
9,2,0.021925996376266348,0.02077928331938818,0.020090804023427854,0.01952948647721322,0.019979443437851765,0.02128717788198186,0.024026798774431604,0.023986167209424116,0.024702486651778457,0.026183281465384917,0.028323962992168644,0.03208614493730701,0.03710865783406671,0.05207762735738321,0.07767099869377043,0.1303460605440416,0.1710596411179399,0.06330247340889801,0.03814927736009198,0.03624937547779711,0.03276258525104287,0.02855872314554528,0.025921433602003288,0.023892112660795658
9,3,0.010740957397639965,0.010101142492125618,0.009642062363155492,0.009281282637458456,0.00968621131620446,0.01035879302280983,0.011915388531481656,0.011974368773445508,0.012268580155873399,0.012945990654218503,0.014172848669805841,0.01646135104074259,0.019701125384406312,0.04485223207449032,0.127783625981107,0.21302111285714093,0.24272439050300834,0.10866368017394687,0.031535459197399626,0.017704764913723293,0.01608677476721775,0.01411490316892907,0.012626945485700569,0.01163600843796865
9,4,0.013422284227091642,0.01251739268064267,0.011724586157869086,0.011564464695475663,0.011865000363352548,0.013083976316804007,0.01493153165211272,0.014883084645542402,0.015269839562400363,0.01624083253306816,0.017719287369167423,0.019846849979738474,0.02315890084416856,0.0440719955363063,0.1140270096167308,0.20037148179275274,0.21911636765694265,0.10572040082918285,0.032652871860541596,0.020708221333844624,0.019225660819222456,0.017316520306070123,0.015760878713740184,0.014800560507231948
9,5,0.030539520988404477,0.02854936597151392,0.027172261886677804,0.0264733114877426,0.02643623908624669,0.02660261279052104,0.028810681191814416,0.02920581873946601,0.03128910686255362,0.034390529719407134,0.03786448500104888,0.04277883871154417,0.04751868087353428,0.05602996173404803,0.06687137865931729,0.08126993771836549,0.08123467372669865,0.058348343134914604,0.047270928726951815,0.044494115434416205,0.042581722040175636,0.03792777934506629,0.03416899951534617,0.03217070665422481
9,6,0.028998535789293445,0.027641782073727725,0.026778631609478576,0.026168835026436164,0.025885777586743135,0.025986245505152692,0.027056447244732863,0.027319411100743995,0.029062311076631684,0.03163166888569721,0.03444913877153071,0.03938429765062326,0.04610778547740608,0.054980413124080495,0.0670566569169104,0.08640240983222733,0.09015641544445259,0.06210926716079409,0.04994565996065151,0.04616544532623244,0.043159270480603584,0.03819266077487848,0.03406299251120872,0.03129794066976283
10,0,0.028043715999490702,0.026060589147394984,0.023919614467581892,0.025488499782850223,0.027227442150079273,0.030398352103562124,0.0350779733385426,0.03526460005197641,0.0354826219134645,0.03639046494470093,0.03858027652148736,0.041639559281888304,0.04460814494791022,0.05402058475207425,0.0640940668402702,0.07667654451047114,0.07551841238224638,0.05616853613145496,0.05013281891801854,0.047599404887526876,0.04228752025423092,0.03830644106345832,0.03497681119481212,0.03203700441450665
10,1,0.027469381576955738,0.0246395219511553,0.023091325493086585,0.02323364110798876,0.024517772176556908,0.029177168955781794,0.036039578548347814,0.0352885140604537,0.03520460543201427,0.036417167376325256,0.03939510105231291,0.041441813479345314,0.044400003948641326,0.052903567597449165,0.06224704016426346,0.08058354337911561,0.08520756691301799,0.05342923047561382,0.05153223736599299,0.04974794506123684,0.04191235990549585,0.03741831248231338,0.033917183828997506,0.030785417667537555
10,2,0.02489094135360185,0.023124990826481843,0.0218750748365955,0.021953098022614363,0.02281676061636772,0.026126952221227406,0.03215018768052518,0.030649206983152398,0.03058586142618659,0.03165423831989042,0.032719525186425194,0.03471645524443274,0.038565856590294066,0.05009165793090237,0.06268429115162993,0.1050941415402395,0.12844702187043977,0.0697681784367089,0.04454428665564041,0.04161803092653692,0.036821536253357504,0.032592061565701304,0.029273372386126706,0.02723627197492134
10,3,0.02519583538326869,0.023168795404737107,0.021946820949593954,0.021327846960877646,0.02243640940776569,0.025829984218159976,0.03559379971758812,0.03344296494131328,0.030835287427560077,0.03187276770026004,0.033328754256943684,0.035994735127053396,0.04080675871675111,0.053335590924483575,0.06761432249902562,0.1071312192909034,0.11606201560293658,0.06218811697729843,0.044024624781961424,0.04493192084800234,0.03677823639535106,0.031761751720348355,0.028475199509293392,0.025916241238523024
10,4,0.030035034022209302,0.027279951770251016,0.025805445239841827,0.02557673336200137,0.026467339522255676,0.030059275373316804,0.03712404826347609,0.03579709778328655,0.03604372718151081,0.03666346259243334,0.03872186949299742,0.0406611775815985,0.04375563874906197,0.05078246865487906,0.05943136114132498,0.07899834737223756,0.0751060295618007,0.051568731608192316,0.04873670941576236,0.0489854467575612,0.042459253450703636,0.03852372279698817,0.03702919080262059,0.0343879375036889
10,5,0.02919797965675137,0.025644901953930575,0.02413226607011779,0.02296130588276416,0.02306267258555,0.024159355447586423,0.027983326925093498,0.029419937781816907,0.03235432905728966,0.03464556608060401,0.03667202628543464,0.03959680520116047,0.04263343703030515,0.047713132231116076,0.0593344751651578,0.09502341920374706,0.10429410325422069,0.07037995036526967,0.049224894264042786,0.04595407039742737,0.03894141703659687,0.03558582963403125,0.03214984794994582,0.028934950540039837
10,6,0.031819108104015274,0.02901943041749317,0.027255493257403954,0.025314881946145232,0.025532686587534093,0.026660035933091904,0.02974295313180639,0.031107737579994132,0.0349898949863802,0.0376044854669152,0.038983291673132255,0.042378426683966394,0.04545199604399467,0.05297233226705654,0.06584056700250335,0.0797809988352593,0.07723558236100231,0.056071140791537584,0.04984641501038545,0.04729165069744225,0.04125855560935756,0.037897072817793795,0.03461878579053736,0.031326477005251624
11,0,0.02556142141178958,0.023499981661708132,0.023620798643397892,0.025067366254522543,0.027496650564927255,0.033305574193492705,0.05011639421718146,0.045836021151601576,0.043137056078496515,0.0424930584171681,0.04316726032391895,0.04307664758765163,0.043875981368295465,0.0475652142020362,0.050112079324978256,0.051356925725603055,0.051717219224570725,0.06999186642819696,0.05844952978462214,0.04760620567796665,0.04353618360729302,0.040766022812835076,0.036656087989281806,0.03198845334846422
11,1,0.023487583179527177,0.02194467852559806,0.021161040438912322,0.022613957944131107,0.025536665544951865,0.0327918794097218,0.06397992536690854,0.0575524057970471,0.046624591425537036,0.043433797110850124,0.04303072967391844,0.0417765337887683,0.04241675485719696,0.04448270981300483,0.046720202771041774,0.047001412610761524,0.047782238599050085,0.06959474849997987,0.06146309730141664,0.05017533433506527,0.043686885966597894,0.03850231388829782,0.03394109028804323,0.03029942286367228
11,2,0.029274020746967656,0.027098360160993398,0.025979893201495068,0.026500259268506143,0.028976799355441122,0.034422809775565846,0.05952018407606674,0.052609100827555814,0.046809168319674875,0.043953099378944475,0.04212495918921663,0.04035077611364283,0.040608672828752,0.04206642943826986,0.04153325998823918,0.04313459739304833,0.0454273174809161,0.06836640721525507,0.059322646166621404,0.04763955916123209,0.04397504803554951,0.04071841611177719,0.0361558391200052,0.03343237664626357
11,3,0.03157222269897118,0.029391572985497293,0.028253096484453212,0.028900521563355163,0.029602296022960217,0.034868464963719405,0.0522535923033649,0.04607111187390943,0.04364445970041095,0.045935715171105194,0.045434175271985275,0.044335745683038226,0.04342515518178436,0.04411834816022579,0.04488209998379052,0.04537124441011851,0.04629041639253602,0.06364789229287642,0.05478608274454837,0.04654309333791012,0.04179753425441231,0.04016514583750488,0.03584198632684001,0.032868026354682146
11,4,0.03091981497677641,0.028531430791401052,0.027577416755816427,0.02870749757429731,0.030206935882984485,0.03517795184573488,0.05855368792928241,0.0529147664531538,0.045521875340890174,0.045252033858407856,0.04369613935303113,0.043964067066134135,0.04338132429013508,0.04452862903302974,0.045075967075511605,0.04602711045702728,0.04653904376599193,0.06208937685755239,0.0518612364098452,0.04484440098061543,0.04020925154393345,0.038012244296488806,0.03438565132270171,0.032022146139257336
11,5,0.03304063320533979,0.029743153684863615,0.02815634628110147,0.028689745675615046,0.03011697962034907,0.03263444621872276,0.04042230055828392,0.04410364909907949,0.05029465295004457,0.054147849831331966,0.047917789539346015,0.04526195154992695,0.04348544143263488,0.04316852631120841,0.043974204894553184,0.04562350260394872,0.046717082952533025,0.061549603353943966,0.05280430826021409,0.04705408424362737,0.04189974992718763,0.039588724517067096,0.03636935787863265,0.03323591541044414
11,6,0.03268334364595304,0.030059813194260293,0.02916526709685023,0.029465806299537406,0.030675034620937562,0.0325148059754265,0.03693096437726509,0.03815079996464245,0.04160523291788209,0.044134476560888654,0.042647102153864296,0.04242788532366894,0.04315860809098677,0.04350275494269129,0.04477562685995463,0.0469642594065824,0.04717404755590912,0.07086950116385281,0.060235127729161134,0.04963729043283538,0.046042605851675064,0.043197501399569814,0.038658770146439196,0.035323374289165856
12,0,0.03139669319140205,0.029256153374016842,0.028707459256975962,0.02961411526915389,0.03231690836627457,0.03799729359112616,0.06739627014552599,0.06166255221407568,0.05043104578206088,0.048279658634519995,0.04362253822101978,0.040683815693013325,0.0386074559123825,0.03754080178040845,0.0368330134877511,0.03630149431012336,0.03811571027865888,0.06314321278032438,0.053957332026832686,0.04550726183556712,0.04181103408502318,0.03917874863391437,0.035392126465406515,0.03224730466444236
12,1,0.031350312369463056,0.029739697220693084,0.0293975563996164,0.03095914838596344,0.032836326980408094,0.03791533087060029,0.059871579740769586,0.05224847798400415,0.047262413839238744,0.046385103495045085,0.04427608619497533,0.0420016157217282,0.03956373470707127,0.037866307708177366,0.03686133287850732,0.03642012441670096,0.03831772932882183,0.0660341997836853,0.05608556175948215,0.04790788547780731,0.04494709073063917,0.041170264592306015,0.0366917944417947,0.033890324972501065
12,2,0.03348814016378832,0.031838009432755256,0.03156025382925467,0.031976887234505556,0.0337199676753715,0.03903122344782186,0.06592868242146023,0.05706237362940185,0.049031518699841334,0.047056610747392216,0.04458196141384163,0.042473643289632386,0.04059824620300435,0.03921165523749745,0.03736250277482222,0.03753090577851943,0.03912526668365277,0.05810450390552809,0.05181672941683352,0.04453603332192421,0.04091318169043811,0.0386867627584412,0.03408848593670891,0.030276454307562938
12,3,0.028737817947277883,0.027090447019988313,0.026488182379903948,0.02689247075421664,0.029441154680940412,0.03492092932143114,0.05848531484999131,0.05006298771192578,0.04508753155897973,0.04506252403067174,0.042421103853139124,0.040643485382578726,0.039459795709333334,0.039129487939598494,0.03786348181900594,0.03752171226546325,0.040529909524846544,0.07008464006351912,0.06091417103690591,0.05083196920739682,0.04783627571216752,0.0442341496554692,0.03988596567091552,0.0363744919043337
