month,dayofweek,X1,X2,X3,X4,X5,X6,X7,X8,X9,X10,X11,X12,X13,X14,X15,X16,X17,X18,X19,X20,X21,X22,X23,X24
1,0,0.030371122567654358,0.028935582981825764,0.028949469700914787,0.029823465083580684,0.032192886528146655,0.03693693693693694,0.06097311184016388,0.05554774427606798,0.04784321894148485,0.048083632765713695,0.044637122671804766,0.04090593483657068,0.039395754135638526,0.03867364474300891,0.038165911576316214,0.03733444427086046,0.039030359839608404,0.05505650158829352,0.058037806592719905,0.04881094967800171,0.04580707875505564,0.04270426495860022,0.03747070770192158,0.034312347029110034
1,1,0.026196931729228976,0.024729295404442356,0.02476764707695195,0.025895597159510772,0.029128095271033324,0.037426438410295776,0.062218055282566215,0.05897596925291627,0.04819504016995269,0.04549193210932143,0.04182181402041266,0.03967822946764455,0.03837632715620294,0.03686828460502228,0.03686828460502229,0.0375291661045179,0.039629605025712736,0.060821643492440264,0.06793245448649508,0.054555254144891235,0.0490552133962392,0.04510704568163591,0.03598893554248098,0.03274274040506215
1,2,0.02466694552518035,0.023441305057844038,0.02412775539906372,0.025557382779149786,0.030058846786346623,0.044753926461571975,0.1387471994774268,0.13954653021699392,0.0662481878971585,0.038943737429879506,0.035104657892173444,0.03133319199408667,0.029508769718257402,0.028009236710768333,0.027077543676692198,0.026811673093782407,0.02787687441625936,0.03892998550317727,0.04332258009064812,0.03673082322471221,0.03469038110026874,0.03202021533225227,0.027672887503509606,0.024819362712796746
1,3,0.03004700539796799,0.028338148533270636,0.0288556970573895,0.03013694523295206,0.03380002114375068,0.04421331835388011,0.08720929315179163,0.07825633484127197,0.05735084582892182,0.049132396170772065,0.041758907593920064,0.03844454578016496,0.03590808464442996,0.03492111329736791,0.03356964893484411,0.03317675386622949,0.03408798640488389,0.047126106693890564,0.0504483579668548,0.041764430215366466,0.04016760367143874,0.03662839227022345,0.033448940208944435,0.031209122739472704
1,4,0.03229758171108561,0.02990001703993331,0.03016989274052787,0.030857016537946085,0.03359077448799605,0.04043898552526745,0.06749287316302612,0.060507421581766335,0.04962673335267596,0.045608072323003436,0.04350064705692719,0.040727282775390644,0.03878012499021354,0.03777799269585561,0.03703191993994575,0.035991102391577656,0.03834721857629054,0.054774635368454005,0.05450568074533589,0.04559333508338053,0.04271773120196005,0.040450038454984634,0.035493720554304414,0.03381920170215117
1,5,0.037548770795984135,0.0347706228362595,0.033520650802559865,0.03384165529370452,0.035519633315597016,0.03844077418501337,0.0488354832528066,0.05292877688534206,0.059793409291426354,0.055572686603315276,0.04751255565293772,0.04342996217010709,0.03892130818084808,0.03614899666641699,0.035318275952969914,0.034533274060988904,0.034972952939768855,0.04681996414477108,0.05351728511910725,0.04498537484083528,0.04187357675849664,0.03970339185018234,0.03637953625551178,0.03511108214504928
1,6,0.03605113293551162,0.0330012962292574,0.031909427440355936,0.032484556187451094,0.03374185964133764,0.03666032176069194,0.04742427958069123,0.0512847461453723,0.05339939042191677,0.04949318603809279,0.0448308479207782,0.041263298027629534,0.03845188186797145,0.037174142367233806,0.03622629905137816,0.03609005873903751,0.037543937500729846,0.051446288230004786,0.06133052289031877,0.04929563758519885,0.04555681415653622,0.04307140160140755,0.03739699259241959,0.03487168108867687
2,0,0.026622369978947315,0.024464783109632026,0.023946143356122395,0.02520407223195935,0.02807251402658938,0.034463384147139,0.05690024032583315,0.0525020387319258,0.04626812537888567,0.04622945487094855,0.04461666721639447,0.04361237137790981,0.04273773547780255,0.04343949146007327,0.043069846898909595,0.04409120325560183,0.04569375459923136,0.05102800995879316,0.06972520054639153,0.050255737167931226,0.047014238708496005,0.0435429919371991,0.035788417727925674,0.03071120750935769
2,1,0.025981306177089308,0.022662076878944348,0.021791929623254925,0.02306965959074393,0.026687703193727295,0.033923790399694016,0.05146299483648881,0.047174411933448075,0.044206588257793084,0.04436555746796711,0.04341054694970358,0.04361374067699369,0.043773905144387074,0.04502175368139223,0.04561818703384969,0.04656004972270032,0.047752916427615213,0.05189328743545611,0.07693512143813348,0.05276104417670684,0.04680866322432588,0.04311651367374259,0.037519124115509665,0.03388912794033276
2,2,0.027709810680390058,0.02489268504835374,0.024102459389899644,0.024905374803452996,0.028208171971561107,0.034543820608393006,0.05668052157200686,0.049254707610738295,0.04361814911846579,0.043318209452483214,0.04319592635789032,0.04320169442838998,0.04208614959375479,0.044108435110937295,0.04700746734406885,0.04918433715064239,0.04809878628260546,0.05009338506138957,0.0696782916359517,0.05032756872367597,0.0467778981381822,0.042410315155835966,0.035102169832760564,0.03149366492817022
2,3,0.02600606151993821,0.023921478799068554,0.023393138948776357,0.024482048531295788,0.02674044240117225,0.0348370491701381,0.06819267483847648,0.05693753963987711,0.04809043704870971,0.04614628452769986,0.04450256054901302,0.04333537839607993,0.04263898273284076,0.04285423230147832,0.04271955743767834,0.04382803516280119,0.044255081098440424,0.04825503966002078,0.06622434990601535,0.048272305668200274,0.04477536347824886,0.04283926842772277,0.03601113772634298,0.03074155202996458
2,4,0.027971890408232458,0.025880912624437476,0.02502577561158497,0.026478004232870358,0.028955471546154837,0.0342320950625384,0.06367935717765444,0.0543006217389946,0.04946024538613661,0.047644670320959884,0.04510587383084024,0.04449489637104847,0.042688578540111016,0.043764732020426085,0.04498205832289002,0.04547153458329139,0.04582446663866354,0.049982121966375415,0.061612679633737524,0.04476104185542746,0.04208338685171877,0.039403417539450286,0.03462552751770735,0.031570640218748454
2,5,0.03304130005160934,0.029898165980640212,0.02905982905982906,0.029416059312966533,0.03124126732374155,0.035245396070138345,0.039812192389511974,0.04368792719308184,0.05016678624926048,0.054717218634744415,0.05100764069836235,0.04564656420326524,0.04348400740153318,0.044243042181186513,0.04409324924788842,0.04393716249386353,0.043893105748775856,0.04819052654104201,0.06360157597271,0.04566041060886422,0.042663293178757104,0.039669952041086066,0.035388895182709615,0.032234432234432245
2,6,0.03129553896172165,0.027977807262811464,0.02608005940775894,0.026746799713075427,0.028041686573500462,0.030495716759136406,0.038190512059216114,0.04130196681735974,0.04816899271642776,0.05033556600396318,0.0475847631874179,0.045360964684056926,0.04397824377143451,0.04362291510572692,0.04401816834061514,0.04398889032321601,0.04383052286546618,0.05037815221108918,0.07304199931595905,0.052233313859015695,0.046779617708941915,0.043652193123126036,0.038633674777121096,0.034261934451842314
3,0,0.02323369553207682,0.020809117755988295,0.019925203145675315,0.02055455034821816,0.02281472000678846,0.028998586620538107,0.04655224686674369,0.044837452522736486,0.03887014498851352,0.039589651481308295,0.041108216781826,0.04268865610506562,0.0427620210177216,0.04616862792586785,0.05150040085527577,0.05729534504048771,0.06354550525001083,0.059818037338320966,0.06794474826553853,0.06220107112772477,0.05368897343041072,0.0415846467567847,0.033683334055196926,0.029825046781180753
3,1,0.023372390954618436,0.020466586840095474,0.019528279174034147,0.02020191551882754,0.02323846088843466,0.031241579545690085,0.09208967574574334,0.08332602564123005,0.049126823800648284,0.039212810091949366,0.03653500597104879,0.038322334592382254,0.03897285205670344,0.04358546731229462,0.047075621060821776,0.051124613954556246,0.05377212437001051,0.048070530123901244,0.05234353699738358,0.04934764896929653,0.04292139740080007,0.03688497798923139,0.03162264247209392,0.02761669852820424
3,2,0.026904012556703272,0.024055933752069807,0.02325990920288833,0.023563584482372914,0.026234669115235785,0.03212938363801188,0.05372267259402479,0.04664829640863553,0.03957841246110846,0.040642174386876916,0.04102940529059838,0.042250395541543764,0.045364414827619354,0.05047747996237303,0.0540182618453574,0.056575243636520466,0.058194246162056595,0.05172901743078136,0.05701548294701586,0.05267957496242243,0.048817148848504674,0.040315139470508916,0.034644138393270275,0.030151002083499932
3,3,0.027473743602582732,0.023551385252875996,0.02168636009862137,0.02211996030471753,0.02518509648965255,0.030507130818452136,0.04634442370178465,0.04389340328991888,0.039936574630940906,0.040169702775222735,0.04162924823883933,0.04334822813539211,0.04549173710402232,0.04950480679391653,0.051587539164621124,0.05611403503997647,0.06059880369884562,0.05501914916391357,0.05989579081239262,0.056884174318168224,0.0517399342161361,0.04166825411511995,0.035568823600913645,0.030081694632972836
3,4,0.028952834609513416,0.024505297538061476,0.02345116430806714,0.023857543039844914,0.026540962693300977,0.031449565193614484,0.04845995660893449,0.04343255197357689,0.04088867768509326,0.044044477256462704,0.04375784353381665,0.04434996846086177,0.04574919360693654,0.04922462749401983,0.053861682257089705,0.0584751651679683,0.05907671883588995,0.05185430332447975,0.052809434775270676,0.04886916396297522,0.04608674253031577,0.041414801426002776,0.03652128491109168,0.0323660388068117
3,5,0.02883579441029216,0.02581521232613712,0.02436130672561819,0.024717327199591417,0.026971812871165318,0.028758439176418394,0.03312481593182301,0.03491983015400216,0.04099547798078607,0.04644203203811469,0.04705714594602654,0.04818299079565916,0.0485539231219454,0.05043188452261568,0.053267000443627595,0.060065873107592746,0.0613072848126512,0.055804811309148786,0.051748787480008794,0.05151299381530925,0.04768344374317317,0.040379432082104656,0.0359990754651566,0.033063304541031825
3,6,0.032410151197234394,0.028611074214585527,0.02600979487269672,0.025328233427582232,0.026379669597488935,0.028044267942631814,0.03451407708030424,0.035970073860676036,0.04032331459620158,0.043588245147845754,0.044940994689088444,0.04408130339185009,0.04388007662987395,0.04472080414849676,0.04676362452269425,0.05232106520030735,0.05766569014012368,0.051993413247560856,0.05487801468363757,0.06256255919596172,0.05626974532536779,0.0453371269535022,0.03856811153100662,0.03483856840328145
4,0,0.023390054376864738,0.0206053316325912,0.01913415735259763,0.019619968200002103,0.022221198328034677,0.028392046928842857,0.043861201981720256,0.03998441525268227,0.038080780401371916,0.03822708949185479,0.03805410526332808,0.040052315604066586,0.043261415544492116,0.05036831898938412,0.05773146542700025,0.07156616202155512,0.08445510372182843,0.06768371692990179,0.050203418136022186,0.04915338770211469,0.05117584816834761,0.03981223936167203,0.03431311923705872,0.028653139946665893
4,1,0.025509572592232497,0.021537211400649712,0.019760456485200285,0.0196366845627712,0.022145308236931747,0.027959897897132976,0.038267049582314604,0.03673694161373473,0.035245400258665384,0.03669299361229252,0.038504727549298,0.04187257949655322,0.04493369233170158,0.05252772760131806,0.061302080623954,0.07489277584546089,0.08157018137071127,0.06648704789614639,0.05079402378932225,0.04666649924570877,0.05062271627349649,0.041571221772378056,0.03486063102154887,0.029902578940476474
4,2,0.025303081015048336,0.022227034892169623,0.020017269359824265,0.020315404887735096,0.021898898304846388,0.02744721922992906,0.038541048480774484,0.035266245339288536,0.03428183557731882,0.03599002089761295,0.03766257995985482,0.04074425128137337,0.04367591730582986,0.05053397198088557,0.058428000738776076,0.06917681780637877,0.07857464966731637,0.0675070713434568,0.05285249135360091,0.05120712075145153,0.05973304682321593,0.04251806391913214,0.03597033270237355,0.030127626381806608
4,3,0.027644030892629935,0.023356073526624978,0.02047874294686607,0.019981784641087817,0.022308013597707423,0.02875686943339019,0.038129464406569905,0.03623154776407436,0.03572588785372024,0.03586704721684012,0.03878788581947845,0.03962807408352767,0.042887308419672594,0.04939417495252791,0.057859869359909985,0.0705410077618313,0.08330046060493557,0.06660208142381456,0.05158504561574488,0.049525665866119055,0.053559343009517625,0.04065099604367046,0.03618030498157193,0.0310183197781671
4,4,0.0281872428158356,0.024515981644638158,0.022350418999555373,0.02214368045584433,0.024002439326013467,0.029909120001812502,0.03875828488193719,0.03520880120909008,0.035903593757817605,0.03781144123197292,0.03985805841355073,0.04174796966701879,0.04626884129182328,0.052101889061643016,0.06139757143571896,0.0713937104282131,0.07829821138119286,0.0611804487642416,0.047574409355532726,0.04595354141237354,0.047556473134845456,0.040085565212794376,0.036010267070326035,0.03178203904620843
4,5,0.03144205023587913,0.026611677242813287,0.023781127708196435,0.022793475808903577,0.023310350238821484,0.02626840200472739,0.03406663462764445,0.034383428633078,0.0384183838601791,0.04187173275532323,0.04387646014574487,0.04675212585451015,0.04849694485038103,0.05286830981080632,0.0564148334134309,0.06167086770172323,0.06603438637099229,0.05517806176992712,0.048268421620455276,0.048375327337459174,0.05350287860806794,0.04437469963416667,0.037832854382644,0.03340656538412499
4,6,0.032508019857076215,0.02879455878547744,0.026252980909193546,0.025559641661496598,0.02607315228587157,0.02795136235167885,0.03284969424138797,0.03435326134194114,0.038550261600694545,0.04126267666913432,0.0424125808104876,0.04344459729877427,0.044832274842075505,0.047504727994221514,0.05120220429930277,0.05458498051357056,0.058390353992645014,0.053090404844183495,0.05032104404502509,0.05515843401238619,0.06608602002291815,0.0470781345377855,0.03836244059411382,0.03337619248855841
5,0,0.026261413162521435,0.022999141332076287,0.020585543230307063,0.020356509594010815,0.022402821028119496,0.025557655261902044,0.030197460308470828,0.030728818344678138,0.03167576832456481,0.03411435191392999,0.03828442979369483,0.042574438013920246,0.04784720874625321,0.05817037937131516,0.06758157969912475,0.0822780435030653,0.0865538932803197,0.0673183992297807,0.04930552837227044,0.04411520974900412,0.04554437963949273,0.04040319914183178,0.035237866006161425,0.029905962953184696
5,1,0.0243875952042564,0.02236361648627965,0.020483947378011007,0.020192412812944132,0.02159688058015378,0.024737436682336647,0.030325425458255898,0.030011296964396337,0.030768557997157536,0.0332874166393353,0.03875441857075179,0.04412667176852155,0.05178018293793958,0.057289457381290765,0.0726722787070442,0.08740424911628583,0.09491053533034512,0.06659378302539995,0.04691957290186219,0.04231259793739295,0.04259757297474582,0.037438140009474874,0.031675230494515504,0.027370722641303157
5,2,0.022494701766469945,0.020571457698759725,0.01936117974653434,0.018919415224015784,0.020327049516182895,0.02251169270964373,0.026949596367074946,0.026873790620607272,0.02802525376953877,0.030211203958628367,0.03344275065072045,0.039082436788790156,0.045870972084533855,0.05769993602256398,0.07522347991507143,0.09813642028274237,0.11683626024112767,0.08376142885990118,0.04670875628256462,0.03913275612049715,0.039068713334688254,0.0336002436239852,0.029612599960659427,0.02557790445469855
5,3,0.02446551613717446,0.021646078442452803,0.020096969970954223,0.019547699506108653,0.021015434575407912,0.02434420949130322,0.0300290457838406,0.029007357511782197,0.03017220269511722,0.031877276854164555,0.03543208899839138,0.0392528716146216,0.04769008789080896,0.05578900178192682,0.07235225641663182,0.09236935990024224,0.10352052983126322,0.06831824534834222,0.04875246286396703,0.04331099332059989,0.04365607682251933,0.036705432051325516,0.03231578907712768,0.02833301311392653
5,4,0.025758679705211274,0.02349163647056052,0.022056356859085115,0.021819986532577267,0.022836135255811983,0.025803354509190413,0.03011812830441249,0.030248091370533636,0.03090034350862914,0.03332821603760481,0.03743017531205349,0.04113006135068989,0.04657226474451291,0.055625004569014036,0.06778467394297383,0.087014334113924,0.09616048489219968,0.06822654836778572,0.047111611468915675,0.043241148905995286,0.04298122277375298,0.0375024672675834,0.03367667950864213,0.02918239422834023
5,5,0.027231599709699128,0.024382448451287193,0.02288150108862829,0.02164630970018135,0.022244039914604923,0.023296468888892814,0.027445263981324686,0.02821251295670737,0.030432149233015897,0.03390640092246459,0.03796513917313693,0.04052116424072371,0.047264832450128816,0.05674022485957313,0.0672177203611456,0.08721033923176216,0.09930179460329959,0.06883609478217723,0.047361069663381654,0.04228080429588794,0.04244414268535376,0.03823442678820219,0.03306498748916228,0.02987856452925877
5,6,0.02901114204828127,0.02596077648044937,0.023136294776575656,0.021594310713522323,0.021437498774906732,0.022313965503240312,0.02751302799186444,0.028399762168559765,0.031241045151570876,0.034871988254039074,0.038179040030914345,0.04048734910351175,0.04723492948596486,0.05624134850799973,0.06720231633635042,0.08086548989263047,0.08525902438705665,0.06787623431063884,0.0515575252462554,0.045911362051697525,0.04587869289781928,0.0411397987766802,0.03530228768083543,0.031384789428635165
6,0,0.026512601585753397,0.02510580362913583,0.02367298494659036,0.023369969396268796,0.02388534764529218,0.025445751822709885,0.02736289175881641,0.02802851871561697,0.030364508401336962,0.03329393851386401,0.03894882982277369,0.044721234087486725,0.05148746220699403,0.06128804272099571,0.07182223983051274,0.08612272717352802,0.08629983598548882,0.05793892348059945,0.04804769011497803,0.04395739987476477,0.04110099567048695,0.03677567951866694,0.033728736450336506,0.030717886647002837
6,1,0.026629329657073927,0.025143891090815097,0.023823884197828705,0.023359469240048253,0.023798035498879887,0.025341202826124416,0.026984318455971046,0.027868343960020674,0.030007754609684644,0.03332672755471308,0.039227123901430294,0.04463553334482164,0.051081337239358954,0.061896432879545056,0.07410994313286232,0.08762450456660348,0.08526624159917286,0.057758056177839044,0.0470756505255902,0.04223935895226607,0.04012579700155092,0.037532310873686026,0.03411683611924867,0.031027916594864723
6,2,0.026549957041556153,0.024706762774967198,0.02308206740534901,0.02230171420188206,0.022495241796341863,0.024087942684617912,0.026145734082160272,0.02685897691012907,0.029445847779622017,0.03248454315392233,0.039342287105989915,0.04433342619536455,0.05028361937180008,0.06208880263384813,0.07365675852204227,0.09134346387862077,0.09406845726512733,0.06090812823700266,0.04764680589728524,0.0417676248623652,0.03884130034936414,0.03566916457727096,0.032544630350589285,0.029346742922781714
6,3,0.02554465795886566,0.02370122181070131,0.022106519920461087,0.02099036872926922,0.021337896030481508,0.02293119660095878,0.026285255453586183,0.02682406290244152,0.02994970663370762,0.032896682095197256,0.03892586037530145,0.0464635593802243,0.053050462925983685,0.06461905822904009,0.0787478647390112,0.09485813739379748,0.09039633526855592,0.05818629985720549,0.045511362601297886,0.04207882984194514,0.0392236408249289,0.03520395508489896,0.03151077684963698,0.028656288492502235
6,4,0.024810102483922732,0.023195449705306334,0.021945922983974946,0.0214309105490885,0.021720027874604066,0.02306119129124628,0.025200801572457278,0.02577122224171771,0.027917936142720246,0.03137597825724055,0.03669516875714358,0.04124006469976907,0.04972178673086446,0.06228311760823963,0.0810068386547733,0.10273183906323147,0.09603525668574936,0.06143565576710926,0.04699044492101839,0.04114842800445824,0.03793617113472512,0.034451135264996983,0.0324280243483672,0.029466525257275354
6,5,0.02870634893436724,0.026228024537125014,0.024548029023343916,0.02381979731013792,0.02371153612496612,0.02388366362081481,0.024859572002255567,0.025906356411398736,0.030062339750080224,0.03396441556094871,0.03936812853017138,0.044295959599106496,0.051659277905683476,0.05997358115538831,0.07215335391593948,0.08422019234663518,0.08604739191795202,0.06057719567702962,0.04868170588473534,0.04336133066237153,0.04069374390544048,0.03694276643934414,0.034223775090892666,0.03211151369387164
6,6,0.02892709185992652,0.02714507880620651,0.02584522707728296,0.024912818504644357,0.02441944412578287,0.024616966385851535,0.0247618735460766,0.026156604963242746,0.028673504329532678,0.033183739691537505,0.03758788231123471,0.042870093318486104,0.04891565454478018,0.05895910081656908,0.07058790042462974,0.08117647363250337,0.08368474757258941,0.06153120291056383,0.05008008708230296,0.04550171085328754,0.04298653657223837,0.038572043441096535,0.035262467406670724,0.03364174982296313
7,0,0.017804043474388555,0.016597858075217325,0.015812568652970076,0.015124961573490166,0.015260950717342733,0.016133866947072452,0.01741714478342771,0.017970199224095748,0.019700230128107524,0.021805188847741,0.025519512047967777,0.03017714022491838,0.03686646536442697,0.04881052594280219,0.08793565606621714,0.15863708232418858,0.17176147121100244,0.10168013629559826,0.03873200657727775,0.03085517060412698,0.028457643691205046,0.02543811009566166,0.02178364127213056,0.019718425858623
7,1,0.019902243818779475,0.018742889809918537,0.017778476489924252,0.017265113620122906,0.01732628269258253,0.01819293983135629,0.01972330998999572,0.020134343289981423,0.02189681291982278,0.024480205802486776,0.02814291839359725,0.033169072459625554,0.040311562098042014,0.054015721023295694,0.08011090467343146,0.12435901100471632,0.1658396455623839,0.09223838788052023,0.04351636415606688,0.035274546234100326,0.03196627125911105,0.028418465056452766,0.024683721594969267,0.022510790338716585
7,2,0.016204607381719097,0.015227644290314592,0.014336883824622244,0.013718602922962592,0.013869209809264305,0.01488283378746594,0.016149120634134255,0.016564280406242256,0.0180019816695566,0.019927669061184046,0.02336388407233094,0.027859796878870444,0.03380777805300966,0.04694575179588804,0.07894773346544462,0.164369085954917,0.18137874659400544,0.1317884567748328,0.038006440426058954,0.02826554372058459,0.025611592766906114,0.02301511023036908,0.019792915531335154,0.017964329947981174
7,3,0.01745630826037219,0.0163735006625967,0.015613496585078553,0.015103240494285812,0.01512985762665791,0.015960651949846527,0.017263758792148507,0.01768793394420596,0.01913828449750252,0.021789237617370227,0.025496381202641326,0.03006603314116141,0.036167585995990445,0.04614504638176897,0.07363431458052533,0.14031249646048768,0.20460419757840728,0.10611514458199776,0.0386022041250892,0.03126040616611356,0.028480897960108276,0.026051943050663162,0.021890042927204974,0.019657035417775717
7,4,0.020532199534951768,0.01924618985094721,0.018495808223805876,0.017940714200046094,0.017826430136330847,0.01885938225068021,0.020149159541180885,0.02077207048187059,0.022490099044095442,0.02565991197615356,0.030611174846454335,0.03650057173428578,0.04270330789571014,0.05703842267898172,0.07760453067239845,0.1320866323437715,0.15831922050733335,0.07358009900014004,0.041367691392840154,0.03640449776863505,0.0327273138284345,0.02932328135920172,0.02611704823101456,0.02364424250073626
7,5,0.020216431715183322,0.018511734720655707,0.01759270863124025,0.01669456949840242,0.01629289725652503,0.016491591125507046,0.017331353892525363,0.018116489234648356,0.02000434877147206,0.022479185344425914,0.02648412537743802,0.031500743896991965,0.038299716044503156,0.04828796579252077,0.08082930857746974,0.15079579304560747,0.1640129520553301,0.10054873783870343,0.04233143422697374,0.032134850476169055,0.029363847570204275,0.02671870196669441,0.023518713106404587,0.021441799834403925
7,6,0.02030054634812301,0.018787413452195714,0.01779172496627465,0.016766244226444123,0.016374240885530317,0.01621169016683139,0.01675735881738341,0.017564885699665855,0.01944022968259751,0.021921872166142515,0.02544049415418484,0.029843475679328723,0.03578049694524863,0.044676882099507174,0.06805962004945514,0.14105011945648477,0.168360730882389,0.11529236393172032,0.05009070957308745,0.03424593453335138,0.030806758555734254,0.028479304052948667,0.024257166735746367,0.021699736939624695
8,0,0.011028839480594342,0.010232180012412117,0.009709117332577455,0.009542240285274782,0.009715914768312801,0.010145852578573256,0.011821420487335357,0.012053213045910558,0.012682995466790106,0.014355844401258066,0.016617011398619982,0.019123905697814553,0.024122060194012408,0.04583137057376476,0.11777475065306363,0.23678017704601115,0.20960504859146933,0.10257330524632886,0.028589334959279955,0.02178544165998818,0.02102480860120328,0.01866371929853182,0.013943919795696272,0.012277528425176883
8,1,0.01114576609441279,0.01043443276791708,0.009902752462950283,0.009630460682621928,0.009741296340471259,0.010432447651657089,0.011600026865240051,0.011874303761828396,0.012599863754854019,0.013817070874936678,0.015971252869733686,0.01873585811447702,0.028068551358100748,0.06935599189146176,0.13126118075376847,0.210775674253009,0.2050115583394238,0.09532627536275518,0.029047875379694842,0.020977385224713502,0.0197178289577511,0.017749917038682964,0.014129395833174793,0.012692833366363461
8,2,0.011795476524235881,0.01108058929875323,0.01069076913665572,0.010451931074068433,0.01050985093120813,0.01103178043037708,0.012148201946367515,0.012425761711199879,0.013346622361229882,0.014732794223112498,0.017004033564882608,0.02011088073325238,0.027352489837993606,0.05717275606108527,0.14525584307232953,0.22393541350222504,0.19405820359936118,0.0842600510475685,0.02697405841185054,0.021191183686644462,0.019578213283040675,0.01727573626550983,0.014478337322644844,0.01313902197440333
8,3,0.01666861329994178,0.015821601472560166,0.015222219505989744,0.014836514494269199,0.014901704073714921,0.015526890248815947,0.016854675224609792,0.017192846167984492,0.01844684016148907,0.020427879047978624,0.023509897498440426,0.028558468262181617,0.03523089334169933,0.05803230686908031,0.1065215836359669,0.17987525249644398,0.1810527392751824,0.07000862856516829,0.03404933221424555,0.028529947821174115,0.026719578875316778,0.02386979830163037,0.01990817323406409,0.018233615912052012
8,4,0.012114523664737252,0.01140203080128456,0.010954086216283949,0.010714205277309161,0.010710272802899736,0.01113462254144381,0.012157780883240902,0.012534583431198322,0.013462289894148513,0.014912300458204769,0.017662172563412043,0.02065478558898278,0.0262707165433121,0.06467776410945006,0.14390389604539647,0.2006602267035747,0.19897855764703612,0.09486165018781141,0.0274844211451294,0.0206165333379093,0.018739670551593885,0.01673982856556561,0.015037424643959135,0.013615656396116003
8,5,0.022955328444278587,0.02132655985518392,0.020337615551509987,0.019636626538481895,0.019378909989574512,0.01967923567456791,0.020776077306717742,0.021264020639315723,0.023341559645574456,0.02625684924681479,0.02894809726153831,0.03508037663727324,0.04363725330512883,0.06034072189497948,0.08172569750124906,0.1278033547134982,0.1477114426834959,0.07096757788365919,0.04129718704104977,0.035185524989227446,0.032840648016235464,0.029022319627623645,0.026237606411163045,0.024249409141858875
8,6,0.023719866694016142,0.02172769459820115,0.02060066410782556,0.019931560713942403,0.01969692038350827,0.01967345635046485,0.020671813111247526,0.02092537604897474,0.02296599001946001,0.025474370842230115,0.0283044359889825,0.03321598793797321,0.03938021648976551,0.056306867165567515,0.07756225348573349,0.1198573084029244,0.1489542231853409,0.07727690056775392,0.044631618465739875,0.0381366227384646,0.03622922392332257,0.032521906702463195,0.02726823401361368,0.024966488062483968
9,0,0.02498222051228242,0.023524885453464383,0.02229295155041019,0.021971949214787873,0.022299946758692523,0.023684220753228482,0.02745541526276723,0.027467851188602472,0.02909073951010225,0.03093125653371885,0.03465814805746953,0.039937198574532005,0.046801829635588515,0.06583579137179922,0.07972438879367634,0.10006956346014093,0.10058021366475077,0.06086064379233559,0.04617381538090852,0.04286275012727393,0.03856302876973717,0.03311453876316945,0.029906069897675653,0.027210582972885797
9,1,0.02299494072897817,0.021630784002363457,0.02039366298607777,0.02020754089885151,0.020556150522545145,0.021804350234499056,0.025599172790723445,0.025639056095129065,0.02631337937146867,0.0290077181579822,0.03206396100299124,0.03663059935743565,0.04267661287344437,0.06473798884744637,0.08551275896451124,0.11520070903652277,0.12268916872853504,0.0677262823590236,0.04105321466819307,0.038351490084567376,0.03531592747147236,0.031317256914952546,0.027500276967391706,0.025076996934894197
9,2,0.02148713855530966,0.02018383060903832,0.019372402803088867,0.01888540657905386,0.019273329072697794,0.020608731325997227,0.0238293252660339,0.023628386995944963,0.024650520904557115,0.02719155277839021,0.029915382661818108,0.03415811051046693,0.039301572062882525,0.0553047703303481,0.07838406559518196,0.12750789101331497,0.16508683603158084,0.06340300123632853,0.03874759641548453,0.03717637077576126,0.03362925214683006,0.02953164638213436,0.025256126524130732,0.023486753423625318
9,3,0.011095457446829929,0.010372584803297428,0.009783279157037875,0.009530911363195513,0.009866842429201097,0.010536690988389066,0.01243884611538175,0.012374076189568482,0.01293183586159774,0.0137949874118139,0.015296441546987725,0.01774360371812933,0.021530127412176338,0.04564668911576633,0.12610368960372215,0.2088424036958458,0.237685827601922,0.10710328084843905,0.031860762781656886,0.01845707968848686,0.016913676119496148,0.015028636361500756,0.01292780871595132,0.012134461023606456
9,4,0.01373038642862602,0.01263431942591619,0.011814436092832385,0.011651326193795048,0.011951148979223579,0.013024758821921023,0.01543870653062093,0.015467467454847322,0.015713708244456826,0.017481126135958012,0.019669714274007297,0.022132516155365725,0.025037369502231142,0.045162924725963546,0.11226767673981923,0.1954710606004493,0.21297031005852257,0.10364964308874991,0.033062061346657394,0.021637276679303083,0.020365098263864536,0.01848460660177467,0.01605489948253975,0.015127458172554514
9,5,0.030512757525275686,0.028346329942561168,0.027003211913339542,0.026448190605384045,0.026288894459596215,0.026444837002314828,0.02913023465999077,0.02945050375310104,0.031439190373147026,0.03482213746922022,0.03913235581393204,0.04416779082236217,0.04961488060753875,0.056683437476682,0.0668247331579958,0.08029867188934452,0.07976461060057162,0.05734325888055052,0.04620845828998103,0.04397747384818407,0.042360198768053914,0.03792086670517721,0.0338613301898894,0.03195564524580653
9,6,0.029380626650310833,0.02771898455205106,0.026707694866623704,0.026022413040314368,0.025663970725824898,0.025836954487805885,0.027471152046905208,0.027679065222363144,0.029410566147576773,0.03191799904359939,0.03532195355219661,0.04004989916210989,0.04640039919329687,0.055458760421647935,0.06722498284716301,0.08589808096139052,0.08919142566064414,0.06145580805455641,0.048956067946025736,0.0454331871010666,0.043096243008919476,0.03876832234858723,0.03392477701311933,0.03101066594590099
10,0,0.027065064173900148,0.024550040804213955,0.022507604421693004,0.02349655018918317,0.02487721641071296,0.02766377327694932,0.033293271014170185,0.03373914978855998,0.03378292158171971,0.03550040804213963,0.0385332739817494,0.04241635136137697,0.04656576897395949,0.05674308183099637,0.06799243267304696,0.0830469619407968,0.08215817197121447,0.05687291342087692,0.0482023889012538,0.04592254618295125,0.04203130796053119,0.0391668521403665,0.033316269752949025,0.030555679204688775
10,1,0.0260483353824813,0.023505223736557106,0.02194273367887223,0.022083428484971458,0.023052737927996773,0.02706006537005915,0.03459961015519556,0.03411884398360022,0.03386926977981616,0.035561142498386246,0.03925031585630464,0.04242054455253041,0.046070125402199784,0.05522659994386346,0.06536086803746301,0.0833789943361503,0.08758004226500254,0.05543940967570201,0.05021249157775438,0.048248420364972226,0.04240781838916466,0.038375038620370755,0.03352919841432004,0.030658741566265486
10,2,0.02393335862041118,0.02216458710239877,0.020965767783865653,0.021055133111310145,0.021824336892721233,0.024754195702123522,0.03127389281324037,0.02974872455818776,0.029595810553449408,0.031201076620507823,0.03272094915245262,0.03616581703409055,0.03984965442096895,0.05224363238943689,0.06747479401292025,0.1064480062595447,0.12630365808693325,0.07344704574776603,0.04460786163334664,0.04090879904253327,0.036864852484323016,0.032214545630267176,0.02828578104965204,0.02594771929754881
10,3,0.023933685984213433,0.022046454600029276,0.020888236163426176,0.020387614275077584,0.02119582164567425,0.024251877862401103,0.03396450817081388,0.03260406111829596,0.029934784806832784,0.03136876953786518,0.03340307627907831,0.037253905098211686,0.041971630012140784,0.05536467971159088,0.06985655203038235,0.10766340390357795,0.11469261603927478,0.06422102032114753,0.04391118628296025,0.04473282842174706,0.03715279079025427,0.0344566449424108,0.028763838695102174,0.02598001330749143
10,4,0.029657969225965572,0.026472397597997216,0.02503387225374546,0.024593393563063722,0.025306151275622565,0.028345825953301824,0.03666938635928564,0.035387909324580746,0.03576612625940664,0.03762747397551533,0.04078145008558669,0.04354791646145068,0.04659502537863511,0.05364082586966662,0.0635209301720469,0.08078695142282051,0.07587942406946553,0.05028891313276994,0.046211232764180356,0.047064311747399404,0.04101562862999976,0.03762375685576274,0.035212275416270936,0.032970852205460074
10,5,0.028851164347980386,0.025014833864729608,0.02330382083421319,0.022243972312260274,0.02228813266734165,0.023232361350536065,0.02726380031169182,0.028671311265467167,0.03152326728817682,0.03451493061605301,0.03675988248528056,0.04071022697619597,0.043690649486415066,0.049334342865814354,0.06159646909859081,0.09495038383377721,0.10318669151422645,0.07005438146999383,0.04957441461434762,0.04595246258212824,0.040070303285289544,0.036204264926802204,0.03201866618063512,0.028989265822053033
10,6,0.03231746546370079,0.0286388282396408,0.026691860730188803,0.025033645557351117,0.02523627877602781,0.026365958970150434,0.02952365996119574,0.030769009950979656,0.03380006518035201,0.03623926255017282,0.0383356720583989,0.04231403758508484,0.04600027355484521,0.05333475176586409,0.06728436026159948,0.08090553408206307,0.07762034302426701,0.0562053890304507,0.04956577389847738,0.04649841355075877,0.04186486728368482,0.03922134808503165,0.03456331697070092,0.03166988346901316
11,0,0.024727281803842583,0.022584513120138087,0.022630594167099477,0.024095587451746905,0.02672892728122783,0.03230857405080243,0.04821901553603298,0.04493094083097568,0.0422447998018515,0.04191263225500483,0.04342658665204874,0.044654454549207356,0.04606280654696474,0.04985873279040899,0.05333497177055863,0.05437755545806,0.053645058815736286,0.06831707216387956,0.05754274737122027,0.047123630648888346,0.04275457138386183,0.04111581415129752,0.03608913994525955,0.03131399145388583
11,1,0.022611322754611498,0.021125274595855427,0.020390020168380627,0.022248193760397026,0.02494712547415323,0.03109823620723216,0.05898147224271412,0.053827330527534835,0.04426984082845754,0.041862066596548966,0.0422374634621896,0.04319599314962061,0.044558544736019945,0.048015630903913135,0.05142119201181642,0.05121100248138146,0.05042913014248724,0.06893725883409423,0.06144077153461259,0.05053708741103749,0.04472048063884533,0.03864461285051353,0.03362705343721223,0.0296628952503709
11,2,0.027791281801976996,0.025888417718777222,0.02501560316459454,0.02526910445055201,0.028292668839076423,0.03318139300561072,0.05752794530789978,0.05126983286563951,0.045740135510877286,0.044027397392145624,0.042025058120785344,0.04115866132067752,0.04227214165266795,0.04465633729148317,0.04497642277596744,0.046466143940597275,0.04774809031705309,0.06629459737417594,0.0587352852932352,0.04818931090970059,0.045041402535975515,0.04123406993105728,0.03521983214364217,0.03197886633583145
11,3,0.030040949873990586,0.027902145005533882,0.026439467490250935,0.027269337369711703,0.028206232433217564,0.03392698334229457,0.05028060134562934,0.04573542864860319,0.04290350830252112,0.04502107801541333,0.04515273597991324,0.045013433359410104,0.04589426761222566,0.047188762695437744,0.0484679684666434,0.049340308657233156,0.05003852057219402,0.06266664288329243,0.05455906048876531,0.04626715694393834,0.041501988035263955,0.03983715183900694,0.03477384134620694,0.03157242929330251
11,4,0.02943609594177725,0.027503240753865062,0.02660897308692436,0.027593440662634302,0.028912077424165496,0.03374679253419649,0.05943143131792375,0.05411221384078943,0.04369025866756695,0.04359748161854716,0.04268259682960206,0.044368905600211665,0.04493329931508202,0.04738244159985431,0.048396975811820654,0.04951889086755991,0.04973451160185589,0.06056709112166594,0.05104455789588525,0.0442701152239406,0.03979963593598728,0.0375798591335139,0.03377170488995182,0.031317408324678435
11,5,0.032440559720941425,0.029619902971011587,0.028270718896595964,0.028348903412052442,0.029233992221643072,0.03184615693035563,0.039938254280101046,0.04321198027344533,0.04889138366545047,0.05326470470309931,0.047726634858265504,0.04669720540475522,0.04548935487751092,0.04594944068000481,0.0468485626077543,0.047967202598131586,0.047728639589431056,0.059604667014153394,0.05184635740347219,0.04640451465458482,0.04152098953530332,0.03885068762278979,0.03568421474680245,0.03261497133234433
11,6,0.03197242708728327,0.029557393118355244,0.028959644891656765,0.029341023559148114,0.030452376295075627,0.03230681640605791,0.03656864105710735,0.03797285764085057,0.0411102162493539,0.04456229421670395,0.04305863505776958,0.042919852562722585,0.04380172243282435,0.044473779397028304,0.04498738390625734,0.047242872644658894,0.04746579885717533,0.06882191146113927,0.06005894431325067,0.050374767375404465,0.046920503856951304,0.043972195418866336,0.03838701957488845,0.03471092261947042
12,0,0.030171116308148293,0.028810753235927473,0.028466734367815705,0.02900922565983811,0.03230056002302279,0.03873768230519104,0.06763609419501238,0.06214006198955372,0.05144405227763646,0.048395846633742294,0.04357296673271387,0.04147825569202372,0.03892540413947319,0.03755677138292278,0.03709118815516574,0.03691669781581097,0.038511092954559734,0.061024481573489366,0.05307483402743551,0.04550559196054368,0.042288684756325474,0.039601037349202305,0.03463426494083868,0.03270660152360664
12,1,0.03132021937007275,0.02972540655825114,0.028811364588490693,0.030152911604524504,0.03218855924134517,0.03782610351525308,0.061643561716875496,0.052857333282553216,0.047888182199032646,0.04654092242068783,0.04526031153597136,0.04187835624785771,0.03988365007426591,0.037811821609475584,0.03700060936131318,0.03657215218798797,0.03852877327950641,0.06356590623452796,0.055803214380926995,0.04821190539665613,0.04538027954450242,0.04194500514148607,0.036170354572114115,0.03303309593632174
12,2,0.031427102507266824,0.02965800415076815,0.029402434573691055,0.02991059042538909,0.031665766703759056,0.03735790779009881,0.06580966331442913,0.05694627171719884,0.04860993022055554,0.04664393390195077,0.044257291937028445,0.04218091342754602,0.04110394124087482,0.04009757387899923,0.03888834195010526,0.039243354942387454,0.04049136980321143,0.05808489882129719,0.05281240894712295,0.04666481701914384,0.04304209340322217,0.04090704327876873,0.03441040496341974,0.03038394108176536
12,3,0.028743803852742097,0.026797229794360205,0.026071453534520807,0.02636348751770157,0.029083712259395107,0.03471182948279345,0.05999814247236927,0.05131850949684938,0.046192116231440275,0.045643475338448224,0.042877291150221326,0.04080720107928101,0.03980183818636364,0.03959023323461627,0.03891137390977969,0.03832251850107095,0.04109349013164509,0.06713047408126586,0.059442799160091105,0.05060326561017388,0.04887787138823381,0.04472907385012815,0.03815783048432639,0.03473097925218237
