month,dayofweek,X1,X2,X3,X4,X5,X6,X7,X8,X9,X10,X11,X12,X13,X14,X15,X16,X17,X18,X19,X20,X21,X22,X23,X24
1,0,0.03189634253014972,0.0304723314841882,0.0303585234679654,0.031247354669044398,0.033887512532990216,0.03830627336121159,0.06336943210740464,0.05748809718640248,0.04835523902505093,0.047745754772882475,0.04387628222130673,0.04008205463913453,0.03840127013508353,0.03741932328436767,0.036707317761386915,0.03597367930970264,0.037551942542941356,0.05472848793352859,0.05799506016775866,0.04740339016209647,0.04424968538197168,0.04123048098465567,0.03743625340248345,0.03381791093629196
1,1,0.025868525851685403,0.024362509001618286,0.024421851518607082,0.025679271338045453,0.029423463389676656,0.03559107552698561,0.06404982205264162,0.06192471840371837,0.04961194805444757,0.046876578791625954,0.042484430608549485,0.039818828899485,0.03818771160819825,0.036812408680687546,0.0359719903319813,0.03640342646900797,0.03869051915079254,0.06194316269953921,0.06873387126523059,0.05249647553564642,0.046495663986630284,0.04233046083474072,0.03733606629681843,0.03448521970364026
1,2,0.02408294593342203,0.02285223496116036,0.022940676741555685,0.023796444391296332,0.02822787585265351,0.04356442796852967,0.14327568424042217,0.1444814820351077,0.06605791317259352,0.03741398725441835,0.034857895235105664,0.0317493535030419,0.029782458133405083,0.02859721371021989,0.02717840824725831,0.026809070389691936,0.027939505822209595,0.0394873864581932,0.04339065855493605,0.03582826350169659,0.03366517685864761,0.031003203834636298,0.027837361794147395,0.025180371405651308
1,3,0.030275533177384975,0.02852133368352906,0.028631135855152492,0.02987673169004867,0.03348878392777301,0.04368106070654623,0.08323883026428942,0.07338737942623534,0.05287545534960572,0.04670984380860691,0.042069164827114286,0.03882780472079065,0.03672135986036677,0.035521441728865934,0.03403691636851717,0.03399826600410572,0.03526318702120763,0.04992221614162196,0.05282626397671844,0.04326205561963122,0.041167030185056186,0.03758396572064043,0.035208725144082416,0.03290551479210935
1,4,0.03320254832605099,0.03082959308028416,0.031045586501401976,0.031854075637329206,0.03464514658819566,0.04088121352634029,0.0668846416788039,0.059248580685432324,0.048801632830999996,0.045637031972971094,0.043383962983879754,0.04054434305303727,0.038441874981422576,0.0373351563970712,0.03616106371805922,0.03544075538249661,0.03705575206333164,0.054182643244260816,0.05476622179948282,0.045507237761198464,0.04260817009977311,0.04064045021747962,0.036576207036629706,0.03432611043406752
1,5,0.03720979946951364,0.03433010530859944,0.033045398508162765,0.03278804205702521,0.03444840625791267,0.03720979946951364,0.04505190713583023,0.049487155007450885,0.05739463951417743,0.055261071516037055,0.048117354541718727,0.04423936640502095,0.03990685356833021,0.03719630901038143,0.036031978614509096,0.03523500379808311,0.03613263819418789,0.04871508565403821,0.05557031434845233,0.046451801702703494,0.04275126498997554,0.04052430150553523,0.03776394602155984,0.035137457401280964
1,6,0.035226653234749696,0.031993043593618174,0.030734837790947142,0.031249935224165845,0.032607636708102475,0.03545777341102287,0.043770844863431815,0.048015993930763445,0.051829995045944204,0.049697056378813234,0.04561151496684514,0.042569641794819174,0.039763034452452474,0.03833071120756665,0.03708701519174684,0.037048667897925734,0.03837838622150641,0.053030161701210325,0.0636233425159556,0.050016271689540315,0.04587476395686033,0.043183198495956955,0.038760822746371,0.03613869697968422
2,0,0.028430430013946864,0.026247924280714794,0.025682910106121722,0.027000045545804922,0.03015009189173885,0.036796086507486135,0.059905043151572725,0.05467466139155974,0.047821864202105206,0.04702542809979209,0.04426929141806248,0.04325743596813764,0.0424954669614424,0.04275889404937905,0.04206339729851827,0.042708424373652853,0.04208063084632722,0.04849889643745637,0.0685390506038512,0.04812468225646226,0.04368581272795983,0.040649015410484636,0.035796540734567665,0.031337975722855016
2,1,0.026641069814512953,0.02394876509351607,0.02306935613873803,0.02452430799656992,0.028250529834238498,0.03545833558657738,0.05307741631451681,0.04786276585060606,0.04481637992526955,0.04486273237383765,0.0437077838636826,0.04297129495865619,0.04256056076162224,0.04360477842242016,0.04352752434147334,0.04423954945419992,0.044643845811154964,0.05138297680574976,0.07829958617563972,0.051327611381071205,0.046268756647069885,0.04244339207218622,0.03807467379464321,0.03443600658204769
2,2,0.029012980825278395,0.026514133944275205,0.02571708795636901,0.026719414468982364,0.030172435640754013,0.0367984347993573,0.05926778210866183,0.05079552539142687,0.044929824472479736,0.04426202918531509,0.04352960854777968,0.0433344653329346,0.042600777531666426,0.042707219285218284,0.04282253118489946,0.044286105296237534,0.04274523419720108,0.04818516810194079,0.07004374249205488,0.0500808450461501,0.04575474806250666,0.04129306455945785,0.03581765007020087,0.032609191498851955
2,3,0.027082082244210937,0.025467398590141955,0.024980252518582567,0.026155134220578746,0.028507389420333554,0.036934642688946646,0.07032221411004269,0.05769379318593531,0.047719134748839445,0.04614681162273217,0.044550816436881566,0.043028329226023315,0.04185469342190837,0.04152453048338346,0.04051161550594667,0.0408480079338777,0.04138748171644859,0.0477266101361268,0.06692340469005799,0.04800319946575898,0.04377586795475896,0.04070722147329916,0.03645123431103093,0.0316981338941535
2,4,0.02926984699403612,0.027367924446744317,0.026582455135005626,0.028087937982504783,0.03073580937302012,0.035820364650422924,0.06537055996798842,0.054248018110254696,0.049338834911887876,0.048134695636816785,0.045436188646016396,0.04409372773114226,0.0420645986758173,0.04220168530097924,0.04225232090126429,0.0417249696495152,0.041968267533811617,0.048890524597169104,0.06256831174733576,0.04455438819227202,0.04165580882961368,0.039300635909038706,0.03566104776172122,0.03267107731562158
2,5,0.03368766000483233,0.030625865626968087,0.029842922950782877,0.03022845290263124,0.03195541583762323,0.035553255285523215,0.04052289480181515,0.04441912386998135,0.050773766535207994,0.05543973519901663,0.05151577966171067,0.045213949318655036,0.043011675484123955,0.04384875079053445,0.0428070277357113,0.04209010046223985,0.04186300747690452,0.04793510421851626,0.0635134189509096,0.04525883979250039,0.042523161504042124,0.03891607989976222,0.035977074170945575,0.032476937519061944
2,6,0.03177981661546477,0.028788074046667857,0.02673861260190147,0.027416223586682237,0.02879500258434455,0.031034305961452385,0.03819009967394302,0.0415892402581296,0.048725634065125485,0.05085823796201221,0.047708524734186644,0.04546367852693746,0.044456269148746,0.04379805806945998,0.04327980345124318,0.04285300553035876,0.04275046317274369,0.04971502924535753,0.07296720168834606,0.05109796536562585,0.04559393503525932,0.04255784982533156,0.03898411009169227,0.03485885875898804
3,0,0.02409258082138368,0.02174800421597318,0.020694010921726277,0.02132559457203608,0.023994086264984886,0.0306297762244295,0.050752112555923594,0.04874058970823272,0.04201452845477273,0.04151088618700157,0.042143485245109295,0.04295581148344988,0.04139208347464427,0.0436554274562207,0.0469829188100233,0.05144563608190685,0.057797011857932276,0.05646987386604335,0.06885277196174758,0.06255724361460809,0.05298296348796642,0.04121438711000726,0.0349675983371682,0.031080617286708516
3,1,0.024772932422149247,0.022145012242464287,0.020923986304634472,0.02137761538327057,0.024055223129378144,0.03169146597643889,0.10013056788287722,0.09019397473847317,0.052454427760259346,0.04084225945927046,0.03686173330474765,0.03706416413091386,0.03702459810579955,0.04030305734957319,0.04234208785313828,0.04596559964151341,0.04878122840546157,0.044272541822668765,0.051673228799281566,0.0487619054629639,0.041516722166451504,0.03597287794985421,0.032336484199813956,0.028536305508602852
3,2,0.029551748425898305,0.026644563510767803,0.025528717535989773,0.025784165034047186,0.028351465830423472,0.03461794566770662,0.058851255807689705,0.050712206863307796,0.0424983406600806,0.043001753930310915,0.04294617539516871,0.0425517815592558,0.04261804827423303,0.04557546763458823,0.04708036335536165,0.04968400396317707,0.05157260534002841,0.047998478003191486,0.05628929910123095,0.052123046601532885,0.04804443717648215,0.039382736238166835,0.0365225793143105,0.03206881477704991
3,3,0.029924849004501496,0.026133674623089173,0.023935465973999773,0.024267508963059167,0.02702367592604268,0.03236263297481097,0.04958158380302706,0.046800198385178265,0.04248469029635888,0.04294702863555551,0.04282303789913459,0.04310464397846344,0.04290079480163584,0.045197775732280884,0.047151155215386625,0.05049049894712951,0.05528620844734177,0.051972083170464145,0.05921503356156036,0.05622769742897855,0.050708008120342464,0.040301192412607545,0.03710685479633997,0.032053706902711414
3,4,0.02991898707012178,0.02569880358388325,0.024605397285262086,0.02493803315628521,0.027348033692794677,0.033526476742314494,0.05057889371747411,0.0459005311443747,0.04357315306615162,0.046869467246096905,0.0453211009174312,0.04457106067922099,0.04413756102795214,0.046544342507645255,0.04891356832448094,0.052782874617736994,0.05377756317399001,0.04845538923762004,0.052767852352594014,0.049740865926283594,0.0463297387198884,0.041788722570953375,0.03797950533826922,0.033932077901174945
3,5,0.029994805508451197,0.027183117798368368,0.025746565025353076,0.025806941881030526,0.027778558512980507,0.029877174737907197,0.03334988491963112,0.035636918573482286,0.0416485796344702,0.04727820093625767,0.04769459304437803,0.04880531899278914,0.048250476508718734,0.048701220965759046,0.050315781364995794,0.056210852635710004,0.05796698635170769,0.05333670610940911,0.051075696962315474,0.05187516980990659,0.04803291163222584,0.0409958850049915,0.0378771081151699,0.03456054497399111
3,6,0.033517895725263806,0.030133910340371033,0.027290298205588433,0.026521585860681176,0.027164360412534963,0.028460184775508417,0.03377820229333248,0.03596226573506658,0.04083958879993227,0.04489260773258048,0.0461678815770222,0.04490859146921629,0.04407172868678497,0.044137947024276133,0.04506157866273033,0.0492047915378234,0.05407983121174112,0.0499800027646595,0.05452965922849137,0.06363582232899906,0.05593166127054546,0.04548058090168298,0.03940105250271064,0.03484797095245682
4,0,0.025643909149863735,0.022897150718411804,0.021157818187270635,0.021231852276688817,0.023808988300739596,0.030289313975761796,0.045797112857940775,0.04194546592745034,0.04006462520007947,0.04039075004966844,0.03906844498423729,0.04016958492178627,0.042212550933579236,0.04744179421147135,0.053917434184631644,0.06684715990238743,0.0805237864969318,0.06492508499863178,0.04840423737390776,0.047781039026273675,0.05091764785263655,0.03953607803005597,0.034915038853839835,0.030113131585753964
4,1,0.028134900238057998,0.023724921170559986,0.021877497507148656,0.021561434818189465,0.02449326211813083,0.030672979406972747,0.04100620738607643,0.039545082564726344,0.038472384953713315,0.03959829177162182,0.04036237598264102,0.0421161514419163,0.043034542352932414,0.04842357082730739,0.054967239091314464,0.06945929868136944,0.07578800174951873,0.062437811739440914,0.04878645761833461,0.04593550831287439,0.050462547635542476,0.04118605450538318,0.03653556982271757,0.03141790830350958
4,2,0.027092723778113774,0.024281483641849764,0.02209520718642448,0.022384664049128724,0.02388786616567239,0.02924281812570103,0.04006675050682362,0.0371666997422299,0.036343282682037126,0.03772916705498474,0.03851091986978828,0.04112918876424945,0.042527133839809744,0.04638765510337667,0.05222174588538166,0.06286805700984482,0.07341897894091683,0.06487451935359022,0.05106172557954418,0.051500296583641525,0.06197666144401698,0.04274093720430721,0.038297116505290815,0.032194400983276195
4,3,0.028971359957306774,0.025112292092857785,0.021991461353731215,0.02136773992706573,0.02346237658987815,0.029709597082629203,0.039025393578226465,0.037709018945121416,0.03773125500311305,0.037865783153962475,0.04007604731833142,0.04036956328382106,0.04173708085030686,0.04645334875033355,0.05259605977052389,0.06501045094725609,0.07960731121586768,0.06452904029173707,0.05003224228408789,0.04931846482255627,0.05466178955794718,0.041584763853064144,0.03820710664413413,0.03287045272614072
4,4,0.029743296535111936,0.026542112151239385,0.024385524776841035,0.024036601113946954,0.025880135482384256,0.031975973181792496,0.04051753749027145,0.037563099746514034,0.03825551212428205,0.040506667594231126,0.041546916645289214,0.04284152126369063,0.044747014039557734,0.048135160635323686,0.05563321492393247,0.06479001534829322,0.07316635723695937,0.05791263212358636,0.04696990777980201,0.045729652641602135,0.04846669246455327,0.0405990617105738,0.03716091359302239,0.03289447939719905
4,5,0.03255405834420967,0.028290239514621326,0.02527977177325479,0.02398783907721613,0.024408929768245793,0.02730585734946559,0.03328490422942608,0.03432660764048115,0.038914511975731064,0.04311990722776818,0.04513386715580797,0.04788087763236799,0.04784891001446258,0.050253095347278565,0.05341348019330488,0.05836515397368513,0.06289132773642808,0.05370339341775724,0.04745096828812304,0.04810354862605384,0.05446841158418286,0.044908991498818294,0.03898506120145332,0.03512028642985643
4,6,0.03343632582520263,0.030070952823289917,0.027586176606869534,0.026471705612761402,0.026605661732250263,0.028695157596080573,0.032432752930015615,0.034595814859466854,0.03936662911503318,0.04208527954006936,0.04286595823643475,0.044071563311834476,0.04354232683975554,0.045650488720235936,0.048391099164860445,0.051747688158937835,0.05596071791696038,0.052155046522301504,0.04972626835583136,0.05594644390422796,0.06807606072384616,0.046795703741767745,0.03947533121199544,0.03424884654997112
5,0,0.02868036318346911,0.025371053346074583,0.022721673032458287,0.022456928245466728,0.024795185123275415,0.02833155709549847,0.03289598911647707,0.03316363256901964,0.034494120056929777,0.035874851081057306,0.03859669803344865,0.04133400453544535,0.045081012871041264,0.0534214398831258,0.061763799338911005,0.07728711958637972,0.08204576219927551,0.0648093306111643,0.04815553079880459,0.04368288985360773,0.046234681760340256,0.0400257401500929,0.03648646951231884,0.03229016801631755
5,1,0.02673927408013041,0.024701261459535856,0.02271724160391079,0.022364146061570608,0.023871658340639496,0.02745746355702621,0.03303585890919189,0.03259191839722049,0.03322954724066975,0.03482961854540064,0.03700904078853434,0.04041401309367403,0.04518680211137422,0.05330285741710611,0.06747210159552906,0.08293802916123524,0.09121434870584486,0.06371489077606457,0.04613210401234807,0.04309136861374861,0.044518320259370955,0.03850969684348012,0.034395105341598516,0.030563333084795214
5,2,0.02471289914320667,0.02280354731909646,0.02147303851834298,0.021076829147727225,0.022530351524500454,0.024992132413926345,0.029246289027566368,0.02907874906513454,0.029842489794778645,0.03114658463749107,0.03288160433853034,0.036436923090855715,0.04149104529088181,0.051573630417408464,0.06977435687672304,0.09477026271322668,0.11610821270330254,0.08276851486388886,0.044281113944532206,0.03897870053892021,0.04021110035266407,0.0342506020495722,0.03150053167524113,0.028070490552481887
5,3,0.027316948715609093,0.024465305898267495,0.02277327800726952,0.02215759246578073,0.023829245151808568,0.02752158664378738,0.03251174010451595,0.03154170317224224,0.03225572122467385,0.0332833402579501,0.035570678485466724,0.038144155461042176,0.04368975472682609,0.051182514884973114,0.0663877330635538,0.08724397004667694,0.09960374655725479,0.06380362554625482,0.04605682201726932,0.04220768003486818,0.044327587230238934,0.037735765483162556,0.03514191330261698,0.031247591517890767
5,4,0.028465043819873782,0.025957960014600354,0.024362457525390693,0.024098108351176116,0.02523640906576556,0.028609918456276084,0.032221436178018946,0.03198248710239439,0.03276048271476254,0.03399285786857425,0.03669655725182222,0.03965613910975476,0.043911125995777955,0.0514427255999127,0.061210474624360765,0.08224551923445983,0.09203208314675236,0.06601767846861864,0.04646618776505473,0.043400301790801024,0.043667473198192266,0.038243141032636305,0.03572100531708731,0.03160242636793643
5,5,0.029265190323109563,0.02614886988666571,0.024328366366396202,0.02316073992735873,0.02374505000919196,0.02471890014558066,0.02855865211191326,0.029429154886889294,0.03176440776496425,0.034606460203812923,0.037603533684780616,0.04021603573433765,0.04511609187977919,0.05293869215901582,0.0623184589318454,0.08381172893179573,0.09658506531255125,0.06674351470464021,0.047477181598207324,0.04335918673576365,0.04366525392148581,0.038651913168341934,0.034655152710632346,0.031132398900940564
5,6,0.030675476417119294,0.027435072678367374,0.024529597070052863,0.022665198374924568,0.022665198374924565,0.023575622209364298,0.02808211649692136,0.029222738612962037,0.032360486361270285,0.035350990163689644,0.037952645517458784,0.04037802290783981,0.04566739873867933,0.053576057719626785,0.06285761095660868,0.07751978979371332,0.08215901101840967,0.0664713092060648,0.05193148801413542,0.046803873137934396,0.047274638993100276,0.04170321842083979,0.036435618103124685,0.03270682071286808
6,0,0.029047792581455737,0.027337303169700008,0.025892974687046263,0.02559342439407844,0.026012222415138547,0.027713172008646893,0.02940362780208312,0.030293692844563923,0.032115798129814035,0.033992280379074216,0.037651754658770235,0.04278322289403742,0.04915295953781488,0.05668941595324725,0.06501386135591344,0.08101309053859905,0.08377105199391742,0.057085318410513626,0.04858629433392034,0.04388220995613591,0.042277612526926134,0.03789692798772798,0.035050246222708956,0.03174374521816609
6,1,0.029142017975883467,0.02722837520915382,0.026068796519526014,0.025541627523242263,0.025985762575056415,0.0276387173765908,0.029168086772403,0.030094011804337278,0.03194972391213464,0.03420805409951135,0.03849492286050008,0.042907308049175405,0.04863471919561349,0.058543758405979994,0.06751335543066134,0.08172567708871407,0.08041934072979112,0.05645728917343571,0.04773486296019874,0.042983583416769576,0.041286215110053766,0.03823326938432261,0.035441977134768925,0.03259854729217618
6,2,0.02855508894580992,0.026528057699016193,0.02538249954721903,0.024668756150460675,0.024959606584639707,0.026782328784111353,0.028845939379988958,0.029695294022131394,0.03191235944831204,0.03357181284577521,0.0375313043392922,0.04236959239006789,0.0470107088274891,0.057393890891831285,0.06610334469077511,0.0836302059774225,0.0886968919151609,0.05992946430881536,0.04897885624405028,0.04341790300405674,0.040834151907791494,0.03701740909362618,0.034604956412582946,0.03157957658957346
6,3,0.028617187912494065,0.026075281658801255,0.024787147826976053,0.02385436125910263,0.024503875715618264,0.026424762340565153,0.029038743746851947,0.03003606271879209,0.03141387144977493,0.03333811040740061,0.037179045574124686,0.04178598875795236,0.047219281947101864,0.05774644464167335,0.0699263073468885,0.08806661755499291,0.08831301400688402,0.05789478536270984,0.04690332459212588,0.042774088815025826,0.04088253510101836,0.03744304177257943,0.03478045154245017,0.030995667948095836
6,4,0.027580742591195046,0.02567114286228781,0.02438525294625128,0.02376399868382496,0.02408076469114905,0.025464876624960504,0.027543090817714666,0.028110322970364775,0.029672053052985866,0.032126784980543846,0.03630285776960716,0.04069911158184922,0.0476286749358692,0.0578756869402368,0.07427958242546177,0.09614134803171262,0.09147989477147829,0.05952090573796656,0.04741749759765314,0.04153399873293596,0.03861844183865067,0.03517003049793652,0.03390378498545495,0.03102915393190922
6,5,0.030874584091838526,0.028249515749085158,0.026828339785595873,0.025815232992480754,0.025490190882745484,0.025812583192673128,0.02606343090779492,0.027661260191792502,0.030410869125504232,0.03364804122381887,0.038288723953571975,0.04268827490083124,0.049314540953097674,0.05598938666850387,0.06662215002989857,0.08055126435197822,0.08405253316445277,0.06070779685928062,0.04825462103004786,0.04334454198651959,0.04152589605188662,0.038439762542606566,0.03623954543567567,0.03312691392831938
6,6,0.030852612024308064,0.028925940509825453,0.027492673187266527,0.02660454564180388,0.026047909068002594,0.02609581238760684,0.0257633633495534,0.02714297895415556,0.029706764619374586,0.0327840738707511,0.0366699911570472,0.04118344193015889,0.04737829922137945,0.05619059389577579,0.06617556183408396,0.07904047734699919,0.08321189841813657,0.06097230325867122,0.04947359042086897,0.044664097132603095,0.043749143728162077,0.03953173547020462,0.03671981060943561,0.03362238196382533
7,0,0.01817318013413127,0.016924350753227152,0.01616075471277178,0.015374849093445192,0.015529495037893323,0.016466497350483993,0.015659803259936506,0.016263682997109386,0.017881127465271845,0.01962279572487624,0.02314669511475996,0.02851265586916852,0.03441404651648602,0.0467137229768888,0.08734352238842295,0.16138394430312228,0.1777368656157165,0.10486262623292113,0.03910615658180744,0.03129881804865212,0.02890307349941463,0.025746775125022377,0.02235216988541496,0.020422391313055614
7,1,0.020762158390454363,0.019551932859947028,0.01855296864399209,0.017995842377329613,0.018085175733197487,0.017912545059020374,0.019170455286240975,0.01956702295384363,0.021211843188573058,0.02288563640358396,0.026015925481494718,0.03088640418756141,0.0393966135414881,0.05318473413668969,0.07953384889142134,0.12548680642910434,0.16923057422032506,0.0930877712293477,0.0432373442400508,0.03509352236593357,0.032141296396002696,0.028567962161287756,0.025286772144410993,0.023154843678699306
7,2,0.016758478348176394,0.015720292141251285,0.014796999921333846,0.014181126747734212,0.014343116918605374,0.014885499343758666,0.01560332799231556,0.016057210995044036,0.017210808729458814,0.018283670148679033,0.0214090971195767,0.025306176949160965,0.03240320957905327,0.04546489626418578,0.07862267986601912,0.16725148741134532,0.18493998600570538,0.13455742008139876,0.03752116740571449,0.028083299175661523,0.0254671320390681,0.02271174651281223,0.02004330778753514,0.018377862516406034
7,3,0.018009025161072993,0.016889876870089717,0.01608281579361891,0.015561293869934555,0.015596691285569238,0.016452128830074117,0.01757186707798464,0.018013744816490946,0.019158261255345747,0.02096706919427813,0.024499141317692395,0.028714383562856077,0.03472840447918898,0.04461490266595635,0.07229450177842515,0.14082625827488335,0.20769610610729314,0.10669489020606605,0.03807817991208462,0.030904893633715798,0.02841586535767024,0.02597344367887701,0.022200079172219642,0.020056175698612243
7,4,0.021133268928177778,0.019787567710501445,0.019030283513589222,0.01845102982796493,0.0183567783808125,0.01943412478367984,0.02043881902936718,0.021059962247059222,0.02274405234097032,0.025203753302073275,0.029604117741002255,0.0354398531771901,0.04168204797922279,0.05578769337909765,0.07624483907874448,0.1324416099194412,0.15990608890529562,0.07327199134981163,0.04110803048510696,0.03635945931086484,0.03268954358736717,0.02932987221074624,0.026527855229777176,0.0239673575821362
7,5,0.020450614429066087,0.01871709992571441,0.017854481915928134,0.016937225913199544,0.016524957420998423,0.016736334706825774,0.01735446149566815,0.018174031389802895,0.019989226933108742,0.022052225090870153,0.025762089621761596,0.03068392417791896,0.03743640744710325,0.047147620818951776,0.0799867102740399,0.15173964058134826,0.1652766172569961,0.10106317807680888,0.04215293560553796,0.032134866434942705,0.029507275683444023,0.026907831776794417,0.02378849908881488,0.021621743934354936
7,6,0.02058102841559369,0.018982377437648867,0.018054817913012448,0.016993146959410718,0.016581729428321985,0.01645349539265796,0.016865981540710565,0.017708051708237648,0.019636371019535387,0.02184573659233011,0.02496289227592972,0.02930414869163882,0.0352803890620642,0.04383039338996291,0.06699533762418663,0.1411178160888833,0.16900391006947083,0.11593478871839696,0.049995244654510794,0.034073386201376586,0.030849903129872226,0.02847490192767814,0.024509798683250174,0.02196435307531933
8,0,0.011369050659994079,0.010597659594434535,0.010109969423348039,0.009936777817271262,0.01016286895156396,0.010588963781577124,0.011528473895713291,0.011796594792150148,0.012462911452349299,0.01373177547845993,0.015368399923331921,0.01744524989411036,0.021044591766007273,0.04364247310366967,0.1194652509883335,0.24601432852563582,0.2169105298684867,0.10369430739481056,0.0254932246936447,0.01871954880325687,0.018122436320381283,0.015587244546910102,0.013722355014531066,0.012485013310028556
8,1,0.011370719309423153,0.010694902628498459,0.010172837697579635,0.009908868400940341,0.010036015915551937,0.010742237436927234,0.011733849847077475,0.01204135334708922,0.012751029963970267,0.013724675877490607,0.01549921292924379,0.01797133376360789,0.024867704393084836,0.06732115389133587,0.13333040801913845,0.21511528271664485,0.20883253704898913,0.09531986583173133,0.027529509970714613,0.019515415945127557,0.018291621116990914,0.016262098016913386,0.014096789663459881,0.012870576268469216
8,2,0.011979352769376072,0.011271093038353722,0.010881902470856842,0.010644362021039775,0.0107205225889896,0.011240897218461724,0.01219709818170838,0.012501069435287839,0.013450895725446185,0.014445680236332623,0.016328557361153746,0.01936659235139883,0.02636430585681478,0.05639539077584804,0.14575320956402268,0.22628948732530463,0.19569206302874137,0.08410810774539558,0.026059328075905584,0.020661993024765603,0.01910489524566816,0.01681705862518432,0.014482586238422837,0.013243551095521123
8,3,0.01681722755599835,0.015953751324516773,0.015450883940665436,0.015094056050808512,0.015139427544088332,0.01581291064746066,0.017029433811025844,0.01741367364473932,0.018569701483931403,0.020138798959858522,0.022916857683804182,0.02726921270061526,0.034417585990795266,0.05743038547809739,0.10604263218937306,0.18241183515402207,0.1834544342600146,0.06939758945037164,0.03329984034905803,0.028033438790547226,0.02620770880575613,0.023244383150917883,0.020038603578865586,0.01841562745466868
8,4,0.012185029350266037,0.011441660166763706,0.01101724396790696,0.010800092280312435,0.01080997945664473,0.011217917028280984,0.01222274709701517,0.01265851523906826,0.013552755409567128,0.014654626283044224,0.017082477360197156,0.0201031928255719,0.025717278023736547,0.0645606981078874,0.14441026655095007,0.2015339770983701,0.20007360453491818,0.09479788048234773,0.02696672415876608,0.020348907467015277,0.01854431469051307,0.016528795485588527,0.015057803362372335,0.013713513572895948
8,5,0.02349910547426956,0.021774864396736402,0.020747156889557403,0.02008480901590775,0.019817733260403845,0.020146770591184648,0.021081891836455622,0.021681565932813708,0.023831703815123756,0.02607086694926842,0.02882993755412735,0.034629398559642637,0.04315659328137107,0.05965119194129177,0.0803071869729705,0.1271750649528237,0.14814300446693104,0.07012697137517664,0.04052714344318337,0.03508948106112403,0.0330383392588541,0.029210965631979585,0.026727517206800677,0.024650736132002374
8,6,0.024088209144392102,0.02220440888081771,0.021065458512254946,0.020454602778250702,0.0202457295272686,0.020210260484649,0.021007919843116483,0.021333446834269708,0.02343084955450882,0.025437609165831175,0.028157690634281064,0.032447868389358654,0.03823247514014213,0.054705086733632224,0.07589350459363511,0.11986644723152298,0.15046677260087393,0.07715699071184004,0.04414555864530327,0.0380472479175731,0.03627379578659301,0.03198282983056832,0.027706051491591464,0.02543918556772538
9,0,0.025859124840247508,0.024448612159211822,0.023242187660729732,0.02289243976724072,0.02328333447172844,0.024757213241702134,0.027987237905100645,0.02804319756805888,0.0291245357611049,0.03113250013784182,0.03430409632962217,0.038753712471022356,0.045508372964570144,0.06456839875539126,0.0788899577916013,0.09940328894689679,0.10051013816276196,0.059693324588264436,0.04540962061817323,0.04255979248840278,0.03879403634580109,0.033305874694793534,0.029907971042520295,0.027621031287212147
9,1,0.023321518467149534,0.022091824033571607,0.020925352964187915,0.020621090524003148,0.02105258998462882,0.02266636635568674,0.026360191408735092,0.026279581619387444,0.026877832703075425,0.02905982905982906,0.03144888193431883,0.03531024890248192,0.04103433423821774,0.06276815597203947,0.08484022270430036,0.11576356042375459,0.12449944877129342,0.06746407134756648,0.04017607706928095,0.037741977547802785,0.03470488519032208,0.031099572847145655,0.02808618925123779,0.025806196679983084
9,2,0.02247053561243298,0.021247981171610923,0.02048848142077487,0.01992711203972214,0.02034888956933662,0.02168476857772414,0.024622951902351746,0.02444958782879134,0.025147547085982568,0.026698817822126956,0.02869438090263394,0.03209486842342261,0.03666687680493765,0.051739044291143566,0.07685356964882892,0.12892433221059454,0.1694239809794845,0.06215815006274128,0.037602742604633844,0.03607623816471238,0.032968443235649056,0.02899983188938321,0.026318317452883995,0.024392550298096147
9,3,0.010880448982902547,0.010231895113065478,0.009686543801547348,0.009401097260645138,0.009750053068205157,0.010272278722842452,0.012231746694670571,0.012213453264600658,0.012515122281225248,0.013215795168808669,0.014344120129158519,0.016475822470890154,0.01961884085233578,0.04429115547172026,0.1273360796489042,0.21225970457836235,0.24213632747310782,0.10830504467221103,0.03138117122823125,0.017757398052957757,0.016328439553157083,0.01451635449906203,0.012875813496754642,0.01197529351463388
9,4,0.013671928452242611,0.012736530162510133,0.011933476434294392,0.011756608548069874,0.012088695364468343,0.01324548486513313,0.015244132826557141,0.01522411775398208,0.015470017217047122,0.016505082398786022,0.018009480608866674,0.020036721531112203,0.02318562345929894,0.043774189134266416,0.11330491737655501,0.19914997212186317,0.21764185682687567,0.10505829900476071,0.03251060492493327,0.020829155016737093,0.019562895323212787,0.017836288960462063,0.01608803364166076,0.015135888046304254
9,5,0.030970692531962593,0.028950556710818573,0.027591105380061844,0.026865769458309558,0.026737352231625704,0.026956104335011312,0.02907720266541024,0.029433228355940668,0.03139048401781191,0.03453183507331295,0.03811954669604616,0.042908180797284985,0.047763237601980986,0.0558437808865571,0.06635185257348122,0.08025279595299753,0.07993396697640309,0.057280282553324124,0.04663050909902472,0.0443110282943004,0.042631862350903174,0.03828516063666604,0.03459560086863183,0.03258786395213314
9,6,0.02967242279004645,0.02804667815939531,0.02710119743669671,0.02641835024808105,0.02609457907163782,0.026215132169249672,0.02729149911221255,0.02753432749454497,0.029319374432754623,0.03188112775700629,0.03471584773799335,0.039638719588328396,0.04607194953302897,0.054836159729409965,0.06678211060918926,0.08575544598618462,0.08915332115172986,0.061240973586816315,0.04923646834533984,0.04575420601146633,0.04301334522790564,0.03841596674112256,0.03436366047425589,0.03144713660560366
10,0,0.029355262657465596,0.026970195107315353,0.024694154387062146,0.025925565946441635,0.027476451472496076,0.03054610609409269,0.035479358854626664,0.035420197008946115,0.035516546300483016,0.03630339884803436,0.03841463156960602,0.04138117554587367,0.043910767033329245,0.05316875071311152,0.06282818977429756,0.07592408690029961,0.07466393958730386,0.05543295906422864,0.049171945452778275,0.047114803561543114,0.042403830306923206,0.039253884609045844,0.035800523159749666,0.0328432760449461
10,1,0.028041946047713828,0.025224269354574932,0.023671037043832742,0.02380346465738344,0.02500967280008616,0.029372604236885876,0.03610646861026793,0.035425982138227306,0.0349433393298046,0.03622852538661285,0.03907811234807721,0.04130465132048679,0.04411594595996058,0.052515526339932096,0.06175195350673905,0.07970147943981525,0.08350996996445995,0.052568976039377276,0.05007279529961747,0.04880117110684756,0.04230902701603093,0.03856675029816157,0.03551453313283048,0.032361798622274174
10,2,0.025849132594459947,0.023944271245096144,0.02266740255672071,0.02270320261340414,0.023428899595757696,0.026618833813153546,0.03245125971449455,0.03092826563642059,0.030666477721923064,0.031947075582869675,0.032856993690240005,0.03491102194245141,0.03829188979549217,0.04930711973627291,0.06220036098390491,0.10367770998970748,0.12595578692999598,0.06884723817479378,0.0439990154984412,0.04083145631647252,0.03704261698414356,0.03306060651262698,0.0300093975148794,0.027803964856277695
10,3,0.025809382614108013,0.023786512531316563,0.02255027070646412,0.021884842627432215,0.022873210538003685,0.026153434734876566,0.03572746693189958,0.03359356184649646,0.03079735642861388,0.03196947944914128,0.03321041289382238,0.03605900806645836,0.040213437424738596,0.05233189144217266,0.06606113493411402,0.10451443298646625,0.11221259918866254,0.061540759229198154,0.04418645748297723,0.045207666732349334,0.037842605537988044,0.03382579702801523,0.030121763173286537,0.027526515471398328
10,4,0.031224506961467943,0.028214744996144056,0.02669567658334253,0.026245732370344613,0.027272294279729502,0.030587085993054233,0.038167227239055156,0.036621810741708706,0.03658431539062555,0.03733219563655453,0.039284994056480164,0.041230698761336,0.043876654482366544,0.050550826975168946,0.0591372623732125,0.07768327372923695,0.07334597365799578,0.04997116911518065,0.04700194266454125,0.04756842648225709,0.041717124937549976,0.03829795427391265,0.036886304975025055,0.03450180332370952
10,5,0.02999556899405759,0.026274737976669155,0.0246037891604241,0.02340195467193647,0.023468723254630227,0.024453776630475783,0.02822836936379947,0.02958108350668596,0.032630760199334564,0.03489742351312003,0.036665490267828726,0.03939433091376707,0.042241100484982703,0.04714035363069344,0.058739877405945176,0.09391911636549986,0.10277765975250532,0.0692797751026025,0.048562437729625395,0.04545899932104156,0.039172347054421595,0.03610532787276163,0.033059986802365854,0.029947010024825773
10,6,0.032840088862273485,0.02971935211721374,0.0277544437962502,0.02591876983451631,0.026136284002515518,0.02731486495464512,0.030327299666265913,0.031359354337860475,0.03490510830658394,0.037385133862223426,0.0388012512070216,0.042040301097854976,0.04502543277583572,0.05207598616282255,0.0646890776034125,0.07825413481691951,0.07532724961070424,0.0548335925604694,0.04894796860879212,0.04654803195183016,0.04156158790803246,0.039116146195003726,0.03624022665158325,0.03287831310936958
11,0,0.025752239233562804,0.02356882852063128,0.02357936113381474,0.024975985641941707,0.027578594359574993,0.03309136409979861,0.049985675646070496,0.04580422821223637,0.04297411504984033,0.042495934411311186,0.043372247828175156,0.043391206531905396,0.04428331886854456,0.047812797546322436,0.05064712375399186,0.0521480211326351,0.052095358066717785,0.069456264377017,0.057677643053952246,0.04701758525097112,0.04299518027620725,0.04052001617809386,0.03685887983552271,0.03191803099116103
11,1,0.02362017058550199,0.022082998077610588,0.021235890391470908,0.022592925496093787,0.025389212263754412,0.03239332401545671,0.06130861047549808,0.05543335978427852,0.045114719812435394,0.04267501272509092,0.042482866161604495,0.041819591004954235,0.04312858946870552,0.04575305286709463,0.048411696183026987,0.048598300057182076,0.048466199294785156,0.0690101773013939,0.06120329937820263,0.050080045671760096,0.044186319349436086,0.03894570658665487,0.034921714132102606,0.0311462189159054
11,2,0.029700748601610028,0.027458638566996093,0.026205111614364285,0.026771046140786132,0.029282605894190065,0.03428499849955257,0.05846608312929351,0.051492832547363226,0.04581726622983971,0.043503963794609024,0.041626827459359514,0.04057786601229737,0.0409806888360403,0.04249375264155348,0.0421368894688416,0.0437788205311674,0.04580735336393104,0.06754716947125675,0.05889413870262215,0.047543006067575104,0.04406539247289057,0.041047375388516764,0.036701034272382124,0.03381639029296123
11,3,0.03163616389291767,0.02939007620520287,0.028172975087990586,0.028801277674001254,0.029646852561461722,0.03509276868870993,0.051533039498411384,0.04587267278791403,0.04355416099971594,0.04599494724327537,0.04561119356798742,0.04464992823430044,0.04425206596800924,0.04436681584150222,0.04503744420052259,0.045363822939064054,0.04641538325517174,0.06286600036494223,0.054113971079269574,0.04612474628050513,0.041641036059677464,0.04012671395866371,0.03643966884315197,0.033296274767631515
11,4,0.031139310187733714,0.028849110685066723,0.027972134166018105,0.028925039388014655,0.030192099618458264,0.03498604810083332,0.05755965148725348,0.0516628385945597,0.04467549970577628,0.044590079914959856,0.04332207057572939,0.043684630132305766,0.04337616977657979,0.044641331789449706,0.04540346614528957,0.046591750346424717,0.04699607068962245,0.06174237391089767,0.05180330669501339,0.044775156128395444,0.040409255708889355,0.038508190808830514,0.03536948805072038,0.032824927393177813
11,5,0.03352133706071158,0.03026369566283576,0.028667026325971224,0.02892532709923873,0.030045720326745032,0.032490313721002466,0.040165225304756774,0.043780346253821385,0.049631894151176796,0.0535009563667871,0.048198706316380305,0.04590015639730365,0.04395690627605487,0.04372803217315961,0.044609742407646584,0.04607780629621758,0.04653882413204947,0.060588424419776916,0.05196749987738888,0.046486510051387694,0.04151122300511698,0.03930531260387888,0.03667870980398568,0.033460303966606174
11,6,0.033005071510988276,0.030515399450032135,0.02957856408688886,0.029807231249001042,0.030979733789423213,0.03263057069956985,0.036807246415700566,0.037882915412983394,0.04133275622097181,0.04411409558054042,0.04284125948939555,0.04263009236520013,0.04322626032356403,0.04341759407145381,0.044438429616597504,0.046790434712608554,0.046872101556220035,0.06986715137882799,0.05954446234633507,0.04941777373850977,0.046044933097355044,0.043549427690426676,0.03918958491076731,0.035516910286638954
12,0,0.03129073269367588,0.029183108335814816,0.02861608249334458,0.029530812861857887,0.03225806451612903,0.03803174274857755,0.06764546976664569,0.061935983139005134,0.050665898744875815,0.04841830102653074,0.04360214756580085,0.04073046480071182,0.038617491142450076,0.037508402859379376,0.036862920611032766,0.03634493002223527,0.038201137261265186,0.06249676813100794,0.05353401530969776,0.04536741669801951,0.041893046087789154,0.039373525599077065,0.03552113776053323,0.032370399824542956
12,1,0.031596030477424646,0.02965935497805067,0.02923554803026552,0.030742303981645906,0.03264739771327626,0.03779726338888668,0.060228468620457457,0.0522393001480268,0.047639568491175954,0.04667275889154108,0.04475238365938962,0.04216369747111542,0.039743107788573304,0.03786042692437389,0.03686407309039823,0.03644739750952292,0.03822718293688027,0.06510326728668808,0.05568476913218397,0.047920748100764174,0.044787021727237454,0.04136192807710843,0.03673978355282663,0.03388621802218671
12,2,0.0327370832076888,0.03098447568270425,0.030770612653419988,0.031207962548306312,0.03302152103663688,0.038288967447908315,0.06592327877687455,0.05622886765941886,0.04866560162878083,0.046746180940954556,0.044465331733637876,0.042337394592259436,0.04071952077572398,0.039379668897258066,0.03775217124440481,0.03798421263117823,0.03950798671482862,0.05821672451661608,0.05240606601096262,0.04512723780927267,0.041759964413191936,0.039642720423277704,0.03500723926354127,0.031119209391153337
