month,dayofweek,X1,X2,X3,X4,X5,X6,X7,X8,X9,X10,X11,X12,X13,X14,X15,X16,X17,X18,X19,X20,X21,X22,X23,X24
1,0,0.0318365405190597,0.03052016782318956,0.03036541283281876,0.031263373888056736,0.03392000122275548,0.03915587839696756,0.06427777183382755,0.05819265276801273,0.0486360544737566,0.04784795035612754,0.0437889753309082,0.03996213279124506,0.03808978846330205,0.03707528352642681,0.03633207746155962,0.035588871396692444,0.03713355546724543,0.054818611866841914,0.05809616971846055,0.046971960688411335,0.043990538929477574,0.04102726744719225,0.03742682572677528,0.033682137070889254
1,1,0.02907510023451093,0.027458109539299495,0.02400191012935925,0.029636161333434188,0.033451692008976984,0.04232544065360467,0.06843920997554025,0.06168204856645738,0.04826937867211338,0.045391576518647406,0.04083689512570289,0.038183675013238515,0.036422479007489225,0.03513251128426255,0.034119922081851876,0.03437208437350279,0.037450828353128074,0.05977113120004035,0.0666118213682326,0.05056169150465239,0.044635877650856096,0.04251535037950425,0.03667936934210858,0.03297573568348589
1,2,0.02380747576588834,0.02286379107586961,0.023027036597762403,0.023948118061672904,0.02847692555941415,0.04391430112394542,0.14391662423329543,0.14511899028877503,0.06608053152741929,0.0375791191397212,0.035078323317801995,0.03178139164295945,0.029998876117368505,0.028587430220387736,0.02705103871241978,0.026666156001187925,0.027825199206626763,0.03965610447211106,0.043015822886143154,0.035440602802925616,0.03326441442261629,0.030498658561317216,0.027497452428057383,0.02490561583431333
1,3,0.030128205700949862,0.028603925780255304,0.02876743294642594,0.03002188136884984,0.03373697861987444,0.04425772660708335,0.08279180891641211,0.07314399263056226,0.05240896090749159,0.04684078243986645,0.04209460721200625,0.03862164352399937,0.036635433521828215,0.03542119177961022,0.033845983397321526,0.03379505493572739,0.035221051860363096,0.05029408952866156,0.05316484649536238,0.04331242288135367,0.041195764538958936,0.037654002753710863,0.035259471577004285,0.03278274007632122
1,4,0.033204581765992426,0.030977082086441513,0.03114563326291863,0.032018667799761195,0.0348032947213203,0.041101254848369545,0.06714695341225298,0.059558113316855024,0.048868739005063604,0.04561782080486719,0.043164240505370925,0.040259508254465844,0.038012832093758865,0.03678957445369738,0.03561980910317653,0.034987994513507814,0.03664221833534013,0.05453387525396221,0.055230284306472456,0.04567333167137162,0.042587936782206647,0.04070561376346517,0.03676434224164991,0.034586297697712036
1,5,0.03679293308630849,0.03402224892761171,0.03273183616243554,0.03250859579723934,0.03426426651978703,0.03707667784954851,0.0447346569191995,0.049375761520871926,0.0574896099344049,0.055315624321933474,0.04805509655667384,0.04418490144042194,0.03982023934705322,0.03721542069333867,0.03610756430157062,0.03535438886385259,0.03635271143157578,0.04916086658988867,0.0559926476724584,0.046801195066179295,0.042911179543671664,0.04050143541468462,0.037946689366247725,0.03528345267304258
1,6,0.03530927647128061,0.032126045929766846,0.030850045467281793,0.03138231994591841,0.032812482096932286,0.03564259904107263,0.04402566167134185,0.04838906243652548,0.05213269154850207,0.04991192992726276,0.04569644105242435,0.04270278772247979,0.03990808630137985,0.038388343709734374,0.0371071350820963,0.03699359708176089,0.03821439099362415,0.05288891712871771,0.06335628745321766,0.04955569143079754,0.045387076042336126,0.042691329759143186,0.03856021315978338,0.03596758854661985
2,0,0.028789001667476197,0.02663705602820188,0.026062452742322353,0.027394430729633504,0.030620471400029037,0.03733293941503132,0.06063754675693404,0.05520573050980705,0.048324261528369626,0.04760694631527817,0.04471139642368918,0.04350585619645173,0.04220141910737445,0.04215635218299175,0.04119742818084856,0.04189721736779117,0.041464074150112905,0.048508284802932344,0.06912264713098952,0.047560627531884836,0.042697155275584237,0.03981412397410155,0.03550898083654226,0.031043599745622246
2,1,0.026546595110627118,0.024131252730628026,0.0233330942335657,0.02489941507502299,0.028658063422300185,0.03577236832667115,0.05349096528923466,0.048219467503081134,0.04501770425097651,0.04471122182154898,0.04366266065874161,0.04297014078629045,0.0423571759274354,0.043238801979746076,0.042975357508493475,0.043705698616916526,0.04443212718368731,0.05149556904657882,0.07850514825272412,0.050851303854505626,0.04592802227540381,0.04229457526099915,0.038156410373452104,0.03464686051136919
2,2,0.02928752245419861,0.026860915976000536,0.026070165811638384,0.027176698365696708,0.030583006766025957,0.03719372990769836,0.05947450704298264,0.05056659643528274,0.04486568894916938,0.04424188931050727,0.04363361995330563,0.04343302048444124,0.04254908863131629,0.042467554653648834,0.04229930993782711,0.0434679636177273,0.04201070554068674,0.04775949806130321,0.07040264843066507,0.049940208416377196,0.04610293470551998,0.04152538424504713,0.035550108453132195,0.03253723384980147
2,3,0.026988488334557623,0.025702353930970676,0.02549011633670287,0.026711435666591263,0.029076550414689387,0.03765374516746436,0.07060649116608671,0.05781885839050192,0.047768709315832415,0.04599582641760732,0.04429157124447483,0.04279701189801412,0.0415146901458212,0.04085255968705757,0.03996802456364204,0.040358185889631366,0.0410431922567592,0.04766195507679951,0.06697811792276585,0.047717873963911986,0.0437120482325819,0.04064032209278977,0.03656713952016512,0.03208473236458099
2,4,0.029683297876610604,0.027801750090314287,0.027091779392285152,0.02860705254284912,0.03129766587725284,0.03604167502910128,0.06566100028097781,0.05428139926945771,0.04942700598081322,0.048142536025368284,0.04523742624332678,0.04377985389154257,0.041608547746156625,0.04165621362340946,0.04153454019989563,0.04103530285393168,0.04117955485088105,0.04883996307148878,0.0627245313691647,0.044385712278729984,0.041653704893027735,0.03926037610885883,0.036009061534138805,0.033060048970417054
2,5,0.03387317411700332,0.030923734977545556,0.03013365897276773,0.030504674393930294,0.03224097318145723,0.03580699190572471,0.04070893306374659,0.04450983924889396,0.050676969684837085,0.05527996316537545,0.051457703574693536,0.04506502779279189,0.04283226232658699,0.043515571303692144,0.04223970532300362,0.04160577609619709,0.0413855691016222,0.04783830133658972,0.06352905064093582,0.045247866327681345,0.04258669816293982,0.039124777290653216,0.036178007326887265,0.03273477068444338
2,6,0.031977151766335594,0.029065039510507155,0.027010997885669092,0.02769801522093917,0.02907064781528487,0.03130275311681537,0.03829070086984807,0.04150425950747868,0.048607177508454516,0.05078600391459673,0.04775892141082515,0.045539434795044506,0.044358886639335515,0.04355970320851116,0.04285305680651908,0.04242682564341276,0.042431031871996046,0.049688178254359054,0.07312388184423493,0.05106221292489918,0.04569085902404279,0.04245066093871805,0.03880386075700897,0.03493973876516345
3,0,0.024055130124689853,0.02180873267870392,0.020696250526898084,0.021334141668988588,0.02391632501217096,0.030810652475885162,0.05101700260565773,0.04897983345427748,0.042224311103082175,0.04245803441754415,0.042817294708769514,0.043146956851001894,0.041312892239263266,0.042725438384308485,0.045328034244037745,0.04947585760636707,0.05531791984208876,0.05653144395080173,0.06916168856419379,0.06284707657041143,0.05510358841834635,0.04248048818574573,0.035103404705697436,0.031347501661068526
3,1,0.024898333484493284,0.022477942099327658,0.02128606882449781,0.021837573598861813,0.02463998739417659,0.03260199402872407,0.10114799108431152,0.09094973336301566,0.05273558277656087,0.04107061551414079,0.03696731005836607,0.03716061156565976,0.036783169759948844,0.03949580370827414,0.04072523793949755,0.044501488238381987,0.04743307507885512,0.04422115524676175,0.05206681452857795,0.048963913082114674,0.04161753968406655,0.03585422317987393,0.032096295298742444,0.028467540462769312
3,2,0.02986887567869176,0.027004957400691032,0.02594158422216023,0.026233448505268583,0.02885056977917034,0.035298409768869235,0.05964225164710174,0.05137025988797562,0.042729145653153645,0.04323132390497242,0.042982380839968234,0.04240616348691976,0.04211644526471662,0.044591926518874614,0.04564027727106895,0.048183359443741004,0.050288645191750546,0.04768654634418526,0.05744039315835783,0.05258707642122884,0.04849990342725928,0.03980299160890187,0.03617722170955211,0.03142584286542052
3,3,0.02905523056337062,0.025523442324847323,0.023570987442530708,0.023857261716873673,0.02658490873533247,0.03191154017703973,0.04960050264187196,0.04699830165374322,0.042550864612639815,0.043152362245248065,0.04300332807246278,0.043446141837644975,0.043413976188842386,0.0452785116310986,0.046984363205928775,0.05051722363274549,0.054966805050435746,0.05226596273931243,0.06026341521992726,0.05677558670143416,0.05129884889864818,0.04038289988334592,0.036891854799972555,0.03170568002470322
3,4,0.029029886520218488,0.025340020163674003,0.024461890011242642,0.024825180086544725,0.027373584727199255,0.03353231884400668,0.051058377920562004,0.04614213885419599,0.043949500529887595,0.04713420021367475,0.04564449594039463,0.044716923943395534,0.0444965852882567,0.04676231155670872,0.04867227150881462,0.051945106654657326,0.05364010206516434,0.04908715307410043,0.05351434780832902,0.050166275072926717,0.04625929452936738,0.041365626739869266,0.03753388378586951,0.03334852416093965
3,5,0.029580965273603654,0.02708298902385236,0.0256303100416961,0.025773472608053523,0.027816697176434178,0.02984202642402015,0.03332740331526608,0.03567590100308536,0.04203400321484175,0.047573131333759316,0.04772366256162044,0.04845842338013136,0.04774471588020241,0.0482499955261698,0.04963635655479283,0.055634447018797446,0.057662934264170726,0.05360385444156599,0.05165958047052061,0.05252697719609798,0.04862053393321256,0.04119502846935004,0.038065452662139496,0.034881138226615815
3,6,0.033650364313620854,0.030318145191791927,0.027837693248540275,0.026669227558384224,0.02708231257348699,0.028575155919733346,0.033314159009662225,0.03587758102004989,0.040685431612495895,0.0449562716853083,0.04607045376771047,0.04483578855590333,0.0437502929328833,0.04347031308931365,0.04419550678249406,0.048158828010729966,0.052717680135739034,0.050149668291850226,0.05527192247912442,0.06450781494179694,0.056921967622784876,0.04596718251393477,0.0397468106615124,0.03526942808114861
4,0,0.02541753916854975,0.02275027829596216,0.021058124575652225,0.021044793032554677,0.023692056590495947,0.030242605516782987,0.046625167477510165,0.042997083248820865,0.040668824472142324,0.04075452724919796,0.0395146937411262,0.040682156015239855,0.04247620081493819,0.04727269957081953,0.0534718671111784,0.06629109805254725,0.08016256864554379,0.06487319321881538,0.04856871601051668,0.04784405141785722,0.05073890077618149,0.03933567016238772,0.03429349011228016,0.029223694722899114
4,1,0.02785521680511461,0.023655025442525984,0.021921889270647588,0.021677249597703646,0.024674901056843383,0.031157308746140134,0.04189753403209672,0.040468838342104116,0.039388074631409566,0.04063084416996477,0.04123102683425391,0.042768451267777154,0.0434914974122559,0.048345148523463666,0.05389792545557344,0.06894815813508459,0.07392576001391726,0.06143174009481146,0.048287522289392426,0.0457160875048928,0.050642586874266086,0.0409418083764624,0.036212108032879574,0.03083329709041882
4,2,0.02661508982143539,0.024162044743362514,0.022069543378687714,0.022286318882381882,0.023863276432571585,0.029297265483723866,0.04088296144540964,0.037831256556616594,0.03708096621222434,0.038172706054663365,0.0387769818110751,0.0409267658218038,0.042117346308414266,0.0457025660379054,0.05063448954423232,0.06136993132821609,0.07213569921893427,0.06455866529188314,0.052154164448368116,0.05252594005314931,0.06289634536718176,0.043213578907406534,0.038437778691304936,0.03228831815904808
4,3,0.028649390732041327,0.02506339089328641,0.0218600642482175,0.02118556016201724,0.023164786798796792,0.029504443891820446,0.03892024840827255,0.03800728328149644,0.03812764933054902,0.038277539127482406,0.04031694878878824,0.040771160294646995,0.042442658636207234,0.047083564697319114,0.05333237948917101,0.06590836055763546,0.07973228773844683,0.06519070637837862,0.04955674634672007,0.048732352463586426,0.053527690436690305,0.04089947504505209,0.03743157019782046,0.03231374205555688
4,4,0.029286630470675187,0.026538236040694663,0.02455471966826082,0.02416834954814913,0.026096830641846137,0.03199346764936463,0.04066320880384753,0.0378889814879293,0.03836969780016129,0.04086313287762627,0.04129892243170572,0.04254788630834582,0.044534772187641104,0.0477627597608998,0.05506111162277698,0.06416776550029316,0.07240508660755804,0.0577668256325126,0.04738762133032625,0.046097100202395054,0.049509287484079095,0.04141685517185608,0.036991569493832685,0.032629181277222814
4,5,0.03155350862807267,0.027771324185936336,0.024853541427504146,0.023730616447092703,0.024239690956467864,0.027273638368046065,0.033513502432624506,0.03462048324495708,0.03957114743344449,0.043970598954062565,0.04583492775014123,0.04853974197780572,0.04820946992474354,0.05034826618560833,0.052999553563293784,0.05768258350188597,0.06209000710654348,0.05348926729714462,0.047575119809034415,0.04821402540133749,0.05465888591264418,0.044886249749448784,0.0390415732793965,0.03533227646276354
4,6,0.033390490157369286,0.030281459755203344,0.028020756951886737,0.026903942692763274,0.02706638840318124,0.028916464549607987,0.032257882565288505,0.03453325060635118,0.039628856675503414,0.042253934232049185,0.04282475040893453,0.04382085848045575,0.04282362231372329,0.04485306559873654,0.047457837441480064,0.05065373117491116,0.055346607253652216,0.05214056066331999,0.050073890236335954,0.056678887698121724,0.06872356026848665,0.04702239268994302,0.040034970951548315,0.03429183823114671
5,0,0.02857385226816226,0.02528695733569425,0.02265627132922772,0.022333529643482567,0.024797482029820937,0.02837786713573091,0.03287967487919126,0.03287674972796093,0.03440660382141757,0.03571902167342051,0.038294129806510986,0.041129576399099824,0.04503367824116506,0.05358584538820656,0.06155785754123488,0.07678911999750386,0.0809467349461967,0.06477942409622577,0.049444806296485524,0.045061954703058134,0.04680826998755835,0.040077497006595235,0.03632745312932679,0.03225564261672328
5,1,0.02628861196787824,0.024403483412342823,0.022470663012026153,0.022104736493886345,0.02370631535408594,0.02732655993520846,0.03277036723587606,0.03224922544108453,0.032994085344122674,0.03456011210184897,0.036719251983763954,0.04015479905691545,0.044409778735853944,0.052869444875598,0.06718566955448012,0.08340696665126075,0.090319682771191,0.06446550015304747,0.0475756501048787,0.04417912363200279,0.045464202067744965,0.03912812370744261,0.034937311237846165,0.030310335169613876
5,2,0.024369276685844966,0.02250694119151634,0.021079730812685066,0.02066428091980152,0.022307162008053227,0.024878562255809675,0.029412944328957608,0.02926992059534197,0.030053145803237178,0.0313411161451093,0.03305815768782837,0.036571698403052987,0.0411832678879935,0.050569862553435256,0.06857269124505563,0.09365784333831018,0.1146936832697798,0.08403590274083417,0.046706708267150156,0.03984686622891818,0.04088132889480491,0.03483195468039493,0.03150381510133874,0.028003138954746227
5,3,0.02642395670840293,0.023582773091842788,0.021991779290161374,0.021444767321470472,0.023156552409613607,0.026784604977981467,0.03175861759549414,0.030708596198180532,0.031509269868441034,0.03239536023412802,0.03471023895967642,0.03749188972790899,0.04248660942310081,0.049581371912919836,0.06636963514129128,0.0886884136998026,0.10437575063156587,0.06673200900067644,0.049430382804842694,0.04328210632394153,0.044904160742141666,0.03755142257623656,0.034120087245820614,0.03051964411435828
5,4,0.028190162710599095,0.02563950298896599,0.024034265181892393,0.023851401920252764,0.025098453957104423,0.02862281341726191,0.032160369195269684,0.0318134945546337,0.03260338843738629,0.03379011444977953,0.03654343190982768,0.0397048926291024,0.04378632522136824,0.051044300039023396,0.06279656367883178,0.08132230875236354,0.09220173022578901,0.06671587008036557,0.046868608033541266,0.04361948605997537,0.0439220587763997,0.038397514567792314,0.03576956212732184,0.03150338108515206
5,5,0.029226714237036742,0.026211140285823095,0.024336052594656356,0.023161492052674836,0.023790864083702474,0.02477701389028082,0.028476077849712376,0.02929686717043154,0.0316981018620593,0.034457116514000526,0.03722013990499289,0.03991100599306488,0.044749554027780566,0.052335090497284076,0.06251528331763244,0.08319636808241969,0.09666673347898419,0.06825579763885273,0.04860095007115511,0.04365717263634723,0.04383756589364815,0.03848489707562486,0.03431681064721092,0.030821190194624287
5,6,0.0305686462952885,0.027358096322815013,0.024400179790798462,0.02247806036465532,0.022627535150258997,0.02367280601014955,0.027840205138353655,0.02904652981653549,0.032225500608951865,0.035050784584728524,0.03762132984137778,0.04012976937724804,0.04540033452878075,0.05350776268877771,0.06240572298953782,0.07751320272886224,0.0820700784111041,0.06682891347620455,0.05267196705659937,0.047430875806453304,0.047791931098439676,0.04188241387041799,0.03667184916099383,0.032805504882667556
6,0,0.028973054781267656,0.027266109179382544,0.025811086525474865,0.02550839583512936,0.025939442704292263,0.02770769274979166,0.029395480713047307,0.030240332576606604,0.032178127723976734,0.03418967978007031,0.03790626167418604,0.04317173865149381,0.04929451995747005,0.05695374388152915,0.06418192093642537,0.08026475856585917,0.08305602651417185,0.057144362385892315,0.0490675019397109,0.044211040547142165,0.042480147896970216,0.038021207505962815,0.03519641369004856,0.031840953284098195
6,1,0.02919505087845745,0.027234312152705123,0.026078600048049724,0.025534165678547355,0.025985600582796652,0.02767024714607891,0.02915339486797951,0.030060139654197,0.032082878023451375,0.034424333310083474,0.03851146605907016,0.04302387761270373,0.048659063960382234,0.058881255182782706,0.06661958568738231,0.0807177233730906,0.0793779498267885,0.05670739268249208,0.048249285066610866,0.04355087458247115,0.04160079204544574,0.038473685026311114,0.03562945138065456,0.032578875171467764
6,2,0.02845612256747864,0.026388304992739683,0.025295431446491056,0.024576151410698098,0.02494434356919537,0.02683391652930729,0.028782004135635152,0.029708335996499923,0.03193909435531713,0.03371433869897636,0.03777075401973114,0.04267068047132198,0.047424770420036136,0.05768553869033419,0.0649917674393901,0.08248674643263211,0.08787009388449932,0.060140453155424815,0.049727546804965286,0.04384277384629373,0.041074580967616195,0.03731614022989955,0.0347928086400026,0.03156730129551427
6,3,0.028447258398541023,0.025953815856093226,0.02466349109049376,0.023774487807108304,0.024483150424435565,0.0264702844302505,0.028778306287877895,0.029826483492479034,0.03141314268587366,0.03336217655097206,0.03735507129806333,0.04203884859681415,0.04756675567988432,0.057493959011021945,0.0688037741152724,0.08626041192178803,0.08781066431405352,0.05855314292294119,0.047910503616126685,0.04351713405661511,0.041645993812537155,0.03784021308985367,0.034987782554876896,0.031043147986026556
6,4,0.02745037949093102,0.02551605906103078,0.024230081977949736,0.023611396014212478,0.02396398934640894,0.025333171865358776,0.027297149678340963,0.02775272003512752,0.029457195746142695,0.03206375019256705,0.036489290801350736,0.0410136893537409,0.04836460127707987,0.058768576025465806,0.07333694164827498,0.094604580582817,0.09102757065665565,0.060065262719104215,0.04812569458003087,0.04220410375800235,0.039071130761873456,0.03536807695761383,0.03385884568522148,0.031025741784698933
6,5,0.030932498815815383,0.02833172780962215,0.02686369369800898,0.025832078186343654,0.02552693997825003,0.025869333432680663,0.02597134184527009,0.027623878129218946,0.030454389821157085,0.03376744565612698,0.0382957321454232,0.042690964183515805,0.04901992091243421,0.05553337981368831,0.0661431417526642,0.08017151605789823,0.08384914108916601,0.06104360815286715,0.04868728478442517,0.043523885048050395,0.041684185502741826,0.03846071966491567,0.036410794086705375,0.033312399433010634
6,6,0.03076634300364013,0.02880885047112938,0.02736371532848812,0.026444345058815752,0.025910918766932932,0.026001898116535933,0.02567916084478636,0.027034274315188858,0.029621918553370888,0.03258018393151458,0.03648942293235062,0.04103551738040764,0.04711485328861618,0.05607679806319329,0.06595045168852884,0.07883791597913414,0.08370770537630497,0.06166484548354567,0.0500166157022696,0.04517651430339027,0.0438721577332926,0.039560694239474885,0.036700111952483884,0.03358478748660449
7,0,0.01814756481946161,0.01694450450378969,0.016172879668181487,0.015446877894832891,0.015608542224144121,0.016515548537979215,0.01737147685819758,0.01791597818820902,0.01946865001358774,0.021163150054251772,0.02456851492965123,0.029010316762904886,0.03500677403293985,0.04715341845671066,0.08693871235849412,0.15953095524774316,0.17425827810628589,0.10339524845724624,0.03877067666935777,0.031006821639613512,0.028507967175198518,0.025296996217253058,0.021897086273210735,0.01990306091075534
7,1,0.020500636290569505,0.019320747856705452,0.018331028972749547,0.0177748727418861,0.017872349586650335,0.01858997052969994,0.019838630970606244,0.02028235992039192,0.021992091817207595,0.023775977878138396,0.02698912565064299,0.03187134013319045,0.039011070499081445,0.05266380894060013,0.07881331808787508,0.12453055629975508,0.16802914976270666,0.09280931854715249,0.04341666507195346,0.035187346907532155,0.03211832134109002,0.028407025030618496,0.02503600065064299,0.022838286512553586
7,2,0.016572037453607667,0.0155502478547566,0.01464376348015875,0.014034293009106032,0.014201588535366275,0.015189919028965292,0.016254948086911317,0.01662763104387261,0.01785171954063223,0.018936824061729484,0.022210154066310807,0.02661800511666933,0.03207595731647681,0.045079195128354295,0.07794169879598699,0.16614710681690664,0.18400963622231262,0.13411181518219775,0.03757251617619051,0.02812057632021909,0.025435097057143013,0.02270328980217948,0.01991949224520892,0.018192487658737717
7,3,0.017928320971044544,0.016814445185322113,0.016016541586959972,0.015489133805067007,0.015546422220345415,0.016399251825108506,0.017445208355603956,0.01791473711999915,0.01903333772347649,0.02086243279684996,0.024482233799338164,0.028595778257215536,0.0344752233509943,0.0444215553273206,0.0719743300651375,0.14074405248800048,0.20806916188229652,0.10724096039008094,0.03835666113666122,0.03119501862464098,0.028641254628106644,0.026128832786927847,0.02221432127697649,0.020010784396525604
7,4,0.021098424270776798,0.01975410686994813,0.019009673040456986,0.018443298847145986,0.018352626412485987,0.019417041949799006,0.020305368990815798,0.020945332406459558,0.022652996592556186,0.025123491913727147,0.029510592248689516,0.03527683345576302,0.04147606839066941,0.05539822939074693,0.07566351853725652,0.13239226734964474,0.16030755038562067,0.07383824300475306,0.041393937562173036,0.03660472469089241,0.03290555217541568,0.02951453452845734,0.026607103199685667,0.02400848378606036
7,5,0.02040330399854258,0.018650193556460838,0.017805200968142226,0.016889330888798203,0.016484000236996615,0.016706599857248303,0.01727195859425571,0.018135778016127948,0.019949798802059656,0.02200801469378986,0.025854779773114504,0.03049393305288734,0.03710270536060862,0.04667061291864095,0.0794824614202188,0.15182844546281615,0.16576417840528967,0.10181108601481895,0.042400797814758355,0.03221935697503728,0.029600765919887397,0.026999340507095224,0.02384529215646428,0.021622064605940527
7,6,0.02056541799471401,0.018939412167613877,0.01803738262788421,0.01696371616921368,0.016552536135987773,0.016435438051102886,0.016842340528716568,0.017682880206520382,0.019579976120545798,0.021764202955042358,0.024984667636602405,0.02916170069194809,0.03512461321540113,0.04363320602258443,0.06657641024324855,0.14084867772735604,0.16914898565789074,0.11638052493093086,0.05036287038953026,0.034358396066359854,0.03098928632727471,0.028506165294373362,0.024577230464537195,0.021983962374620844
8,0,0.011269930914348525,0.010492482620257133,0.01000824752393732,0.009850446825136604,0.010081911923377469,0.010498621320210478,0.011387649513453864,0.011632836411590445,0.012375619105945293,0.013626830596436084,0.015338083483430567,0.017416213967636773,0.020965826940659717,0.043550826269013715,0.11956959769127105,0.24594231933083838,0.2169344343512983,0.10397838310976429,0.025965978602658566,0.018943666956028126,0.018313908560814298,0.01564429628110335,0.013786436795223077,0.012425450905566574
8,1,0.011262425129473022,0.010592668920045616,0.010078318155516155,0.009820798955895453,0.009949730464383789,0.010652836957340175,0.01153369702333248,0.011858260607367114,0.0125613671003235,0.01349586267384695,0.015235922312405517,0.01791391569804722,0.024285882756218714,0.06648808793197644,0.13424417427276614,0.21645606134526796,0.2092833436650449,0.09615196177026056,0.02771511706465245,0.019486880101604907,0.018185531409262653,0.016048018907204045,0.014007462899528665,0.012691673878235709
8,2,0.011922809332715348,0.011210293520939005,0.010827354029070509,0.010594771147506211,0.010689750881247477,0.011210629138372718,0.012087933110102993,0.01239871485372282,0.013375025968398934,0.014347309673870472,0.016241198852322627,0.019236920065660194,0.02612580351008849,0.05633976298025596,0.14572274039689448,0.22650887724893046,0.19609757472773875,0.08439905852597494,0.026264413510212668,0.020797541132433633,0.019188926772638986,0.01684061158893711,0.014432220884600293,0.013139758147364917
8,3,0.01669301272210485,0.015844682403368237,0.015392017905184602,0.01506190056390692,0.01510227462722865,0.015770109133468102,0.01688348330318737,0.01727012433311547,0.01837969859099269,0.019939562402152267,0.022770971713456253,0.02705204739250049,0.034148382757520024,0.05708037573528294,0.10587219376510465,0.18306597786931342,0.1843740975209375,0.07003902509461782,0.033589795716739375,0.02819249593409432,0.026217016765211043,0.02313196333845054,0.019933387545408944,0.01819540286665349
8,4,0.012094416196159728,0.011338949202794097,0.010928504387337102,0.010724926682787196,0.010741739204168333,0.011139391883791854,0.012100629519278847,0.012538120564783763,0.013452941021674996,0.014575725058259045,0.017013175168929296,0.020076708956249432,0.025597063802787662,0.06435577341984229,0.1441955135421205,0.20142423985473987,0.20024736335805995,0.09520163329990321,0.027442786258760794,0.020652720558351146,0.018767525226091864,0.01666413260547299,0.015070597970216988,0.013655422257439178
8,5,0.023405774354440672,0.021646888993762405,0.020613339198657234,0.01997555640498353,0.019727134312358396,0.020058838309961018,0.02091301169434544,0.021554353543787423,0.023719683073201953,0.025850845667241096,0.028646128067639148,0.034408951167619425,0.04277202041189663,0.059160760413619215,0.08018339102562733,0.12728322325173844,0.14858701926943974,0.07096330115235107,0.04114482011464431,0.03551795294501189,0.03328500135600024,0.029354380165524562,0.026729932442003407,0.024497692664145428
8,6,0.023989825179520804,0.022117595013705985,0.020992676973148897,0.020417578424324775,0.0202232456729364,0.02017663741142455,0.020921579625079987,0.02126600677794718,0.02336495848704843,0.025142392188771356,0.027874110295685976,0.03206332403801338,0.03782062929052746,0.054017395151160864,0.07540031756815471,0.12025563446483445,0.15110793367407394,0.07801906988869314,0.045096257909579975,0.03857031132738749,0.036476889412024927,0.031726796590487175,0.027611050107830975,0.02534778452763712
9,0,0.023824962839442607,0.02253422339614881,0.021423819130723047,0.0211007505780318,0.021464490468710313,0.022864198402460543,0.025791767353807647,0.025838577761679776,0.026816992024580835,0.028713197235269872,0.03197611287907798,0.036025596851884965,0.04290135512293871,0.06076604848790873,0.07531410934757801,0.09747615163195661,0.10011364953124366,0.06584996573631621,0.06664344051893559,0.058656510598720464,0.03836611724549143,0.03160316438357215,0.028137659433563368,0.02579713903995691
9,1,0.022925812396438774,0.0217622857797991,0.020735097834616543,0.02044615280931255,0.020905521173937933,0.022259612070000608,0.02552244436646285,0.025478289228547765,0.02607322161308789,0.028153161004351217,0.03056697521037599,0.034489035969395065,0.04062040292725324,0.06345558109323474,0.0870026640266542,0.11910035068475322,0.12283029786126456,0.06985497748475292,0.04307140040731178,0.03803926398807656,0.03422178118727743,0.030257114593428013,0.027261537079083402,0.024967019210583596
9,2,0.021480884952774684,0.020351543956891937,0.01969105501953306,0.01917539089900371,0.019590847949302534,0.020843070607949717,0.023531838419390726,0.023418465456721153,0.024095777478863253,0.025620095247917408,0.0278487882624606,0.031819036271302226,0.03640003540162189,0.05077280131424865,0.07616468775988924,0.12997076440440064,0.17086256344314418,0.06775826543755747,0.04250023223171386,0.0382915352820317,0.03284524444307909,0.028076265626268585,0.02540285802267313,0.023487952111260566
9,3,0.010736343175889911,0.010099481890002574,0.009644921721263296,0.009292586478027606,0.009686152441216407,0.010380259685385754,0.011896255330603928,0.011927604307758362,0.012195092862826076,0.012875570116928275,0.014177915667843956,0.016552259937540573,0.019769278343138408,0.044935351253362774,0.12677833036029174,0.21200359150238268,0.24087940695913224,0.10862522808936502,0.03322548603692706,0.019358674892365674,0.016378477564184476,0.014255947360978363,0.01263534154199485,0.011690442480590044
9,4,0.01340692595640056,0.012502805051369031,0.011717797197225195,0.011554778994474458,0.011858862824044414,0.01304470845353046,0.014906612115870575,0.014855389438697023,0.015176140964807579,0.016107499325161555,0.017590111258907058,0.01973739840835694,0.023079068300155128,0.04398930340411278,0.11341188561244432,0.1993907753649819,0.2181191683388567,0.10619436648118094,0.03400332053037423,0.021785085907747137,0.019606089481951732,0.01740107518838562,0.01576845398577473,0.014792377415189881
9,5,0.030681373376378513,0.02868652299913454,0.02727702025733749,0.026548926802816845,0.026491469366208557,0.026681797124973514,0.028804131189692134,0.029148875809341855,0.031238890065968312,0.03437840031314303,0.03776749130058498,0.04267022663367651,0.04729644805309067,0.05554338575127392,0.0664082279049223,0.08100690566566235,0.08101857670747341,0.05821874764334733,0.04741944287833027,0.044982888457160086,0.042931478415754815,0.038079018339695535,0.034362240409096946,0.03235751453493591
9,6,0.02910923296618907,0.027549193447488872,0.02667253407193611,0.02603143376087735,0.02574065205855326,0.02586490299367096,0.026910681697578397,0.02715832071409773,0.028861593949669747,0.03146741217227737,0.03420610986716367,0.039098490437423694,0.04561907596995544,0.05436409838258071,0.06690050002372848,0.08654854199293321,0.09055908606534391,0.06324545168234905,0.050806552511120026,0.046999641915707824,0.04320826268718533,0.037979369167648165,0.03394035092260633,0.031158510541915277
10,0,0.02870219273031316,0.02649889276442822,0.02442019439567795,0.0257349560757887,0.027428678475460783,0.030590981078602992,0.035259674025035465,0.03522616049201304,0.03543325693966447,0.03618774109334894,0.03827675131841379,0.04138405735454482,0.04373430127291274,0.05428075231866386,0.061834187069104055,0.07460542111472884,0.07506687668480694,0.057391495640233076,0.05027803342588223,0.04792607086479523,0.042646400431723054,0.039185053995457624,0.03542981965422627,0.032478050784173707
10,1,0.027510239286210287,0.024767580588441192,0.02330813206019393,0.023475436677232852,0.024732657780030164,0.0292279541650322,0.036035465330178915,0.03555385543744066,0.03514371547819476,0.0363148477974672,0.03891131799491102,0.040812580657474666,0.04351057064681102,0.05192453099886542,0.06115552263607103,0.07969141231898004,0.08507764639763112,0.05348143852732954,0.05183681789867026,0.05017351762830275,0.042620445111497166,0.0384524485355567,0.034749006527316544,0.031532859520160605
10,2,0.02514539388525278,0.02333518683949852,0.02209242614841419,0.022141802337240887,0.022922705754377003,0.026170899345499626,0.0322008714517511,0.030726422490018414,0.030709710549184754,0.031592404878671314,0.03260803510115282,0.03460511203077427,0.03818450590387292,0.04933288970726756,0.0618060746385663,0.10377203697289021,0.12696821084999968,0.07010811106452024,0.045439767126700815,0.042701287731004595,0.03734055289177347,0.032864791283051656,0.02953227835408652,0.0276985226644303
10,3,0.02596372172565195,0.023944525753155296,0.022710750577256265,0.02203021268010235,0.023113468885807335,0.026489737488510915,0.03653767938178336,0.03433994229038632,0.03134397427726875,0.03221506278562577,0.03341521138307718,0.035931600336906296,0.03990914418756585,0.05119486442083823,0.06412748636522306,0.10327042494387563,0.11272109475329303,0.06234367644185964,0.04513007080796661,0.046042792222973035,0.037780261518704374,0.03294363865199053,0.02952093334571645,0.026979724774461734
10,4,0.03072387767512767,0.027758224273373266,0.02629622379020502,0.02590781482993311,0.026990778150798485,0.03050416107829825,0.037694412742313034,0.03628343649253172,0.03636882398513842,0.036896768604060284,0.03878049999583476,0.040758990678184955,0.043284169575395076,0.050036029356636494,0.05799789238676786,0.07772552711157024,0.07353737473030049,0.05103568780666606,0.04860735082180255,0.04928107896468708,0.042756224956473216,0.03903978640631118,0.037077956698128155,0.03465690888946277
10,5,0.029321911284824323,0.025769001906566103,0.024293538319550192,0.02314161848206803,0.023267392861913608,0.024231952243901674,0.027992172496526014,0.029445950845637534,0.03252612203757964,0.034570606267207225,0.036536156230862774,0.039205175312137304,0.04194618938325448,0.047030076557563895,0.058676784131263336,0.09434813307449834,0.10378641602001284,0.07069821261595095,0.04966179702964286,0.0462346620312302,0.03932054077778876,0.03596106372163787,0.03257903401806641,0.029455492350315464
10,6,0.03202649246223735,0.02920317717572484,0.027431106123059264,0.025534436324503123,0.025770712464858538,0.026917020927051595,0.029987687797998666,0.0311921423416073,0.03494025720872967,0.037518066818154124,0.03886927099581164,0.04217805991446065,0.0449349225364982,0.052174571149575716,0.06450523222437371,0.07892269155442011,0.07653131858699484,0.05610450789033095,0.04993825439925869,0.04753580598775425,0.04171566012415573,0.038800972423990145,0.03522729580111456,0.0320403367673363
11,0,0.02557651680969336,0.023540132851826608,0.02353484079372405,0.024884315609877944,0.027431912380452405,0.033166386540391106,0.05002794206678154,0.04618484947269933,0.04350389283794025,0.04302972443195048,0.04333772221351974,0.043148266533447936,0.04446598900098644,0.04800320063674043,0.05052539552842259,0.050883138656155937,0.05117737708665851,0.0694328607172644,0.05821369753982803,0.04739355554332503,0.04293446738610433,0.04048636130785807,0.036998895018268196,0.03211855903608337
11,1,0.02357130058852446,0.022106651107445908,0.021243849436973668,0.022716768582625436,0.025891400927121284,0.033252321248903115,0.06476525638257305,0.05830021638955633,0.04676954741963494,0.043436872596628734,0.04258142173911046,0.04135751138227443,0.042184477839596064,0.0439247828064485,0.046000468614325815,0.04652605174053467,0.047667265451638546,0.06936043333042366,0.06113671133816955,0.04986791507973334,0.043855868935005024,0.03855317624033484,0.03436321285657185,0.030566517965846286
11,2,0.029741356611177796,0.02755043300931029,0.02635645682346041,0.026880353598544345,0.029636940442833506,0.03487681616035418,0.06033983376946001,0.05327131315589243,0.04720609572511128,0.04378124540341868,0.04181186567177731,0.0401439308783125,0.04004496251005574,0.041410544398662756,0.04055523978492086,0.0420443051421785,0.044904400188130696,0.0679204475912552,0.05913768588347881,0.04773271640023898,0.044030936240763714,0.040851236923009876,0.036317759283505335,0.03345312440414686
11,3,0.031388418156136154,0.029184072284488525,0.028120456593006667,0.028774048905632562,0.02960538071046896,0.03492439958847195,0.051954476119899874,0.04633076096953602,0.04403237303851776,0.04662605303595981,0.04593390347899195,0.04472828427786043,0.044447098520342246,0.04389413121124292,0.04445650272627931,0.04440948169659399,0.04620380418938566,0.06380753728297445,0.05465724490621186,0.046580912847461894,0.04191924796445964,0.03977508901080919,0.035517804983100656,0.03272851750216767
11,4,0.03097803417032953,0.028696607086611946,0.02784911178519778,0.02890658918138197,0.030493751140950005,0.035398062678709416,0.05856041194325186,0.05289562471091992,0.04565880936368805,0.04528992189990286,0.04351358688198344,0.04362709071699427,0.04294985116809634,0.043865448770517006,0.0443194641105603,0.045167905277266225,0.04643536476822043,0.06197782324236948,0.05207272190709143,0.04520006469718595,0.04056627063286901,0.038269709704483304,0.034813517928403676,0.03249425623301581
11,5,0.03319771904814125,0.02996161859853054,0.028367145520342144,0.028800307051211758,0.030103081478232267,0.03268450487992104,0.04093760280732536,0.04430529663340279,0.05031363088057902,0.054288847461344464,0.04806777058888036,0.04525496216690427,0.04338743283254744,0.04304309683079285,0.04379208246518258,0.04537887926307709,0.04658295865774756,0.06154183572760172,0.052670248930803826,0.04694484044303104,0.04162627481083453,0.03926198048031583,0.03629893628687356,0.0331889461563768
11,6,0.032784481996342034,0.03037259218235889,0.029377818525361497,0.029590734992297783,0.03080075207215426,0.03257738291921275,0.03709051393148511,0.038244684069194367,0.04183750401399897,0.04467988067370029,0.04323367756767952,0.042710112485049315,0.043028905446473045,0.04308475238862028,0.044223797312831305,0.04666361059788807,0.04694517226454699,0.07066267050769524,0.05955261945428231,0.04920464646558667,0.04592131165851458,0.04328719755390394,0.038769412629785976,0.03535576829103704
12,0,0.03128932891720472,0.029159996719990585,0.02860738643858718,0.029519193402902797,0.03220380980223682,0.03817110953448822,0.06768228117524164,0.06240752690855545,0.05083123282005939,0.048234855804368836,0.04349399437407082,0.04072826904633725,0.038604284690556066,0.03744558571341987,0.03672451842687897,0.036344821685140485,0.03825043584907678,0.06237365724614688,0.05340176193549078,0.04542010859683336,0.04215346878821478,0.03939309130191417,0.03532516658526064,0.032234114237023465
12,1,0.031143557269564064,0.029668196707948912,0.029289167613390323,0.030893927892771445,0.03294496436413285,0.038367525765317816,0.06134056069814715,0.05219597434421344,0.047904386854211355,0.04679480974675355,0.04444218023241004,0.041912262915773005,0.03916939645730064,0.03754222047877894,0.03656917535699547,0.036295092490231336,0.03788762602462669,0.06511251152625439,0.055517573398678494,0.04795940720664726,0.0449964593384312,0.041339643692273206,0.036862617236653746,0.03385076238849462
12,2,0.032577684962040096,0.031014347983050368,0.030691670118858348,0.03125715508877902,0.033043065248020004,0.039509401853214596,0.06847266875892558,0.05759320651276814,0.048807423081797245,0.046938447333754345,0.04409078855867359,0.04204929197234981,0.04010470523962825,0.039035502019665255,0.037230422878393045,0.037441281680736356,0.03886404612483054,0.05779554576754203,0.05196604534316207,0.04494274331561623,0.04109084287078935,0.03975966356306649,0.03489819673126259,0.030825852993076813
