month,dayofweek,X1,X2,X3,X4,X5,X6,X7,X8,X9,X10,X11,X12,X13,X14,X15,X16,X17,X18,X19,X20,X21,X22,X23,X24
1,0,0.030579542119872415,0.029609709868139378,0.029549095352406064,0.030804681749739025,0.03466091951258233,0.04016240841675847,0.06698385056116533,0.061689220718618765,0.0502571306242814,0.04772094231518586,0.0429112285985058,0.03894242102072921,0.036981589543514964,0.035831838014922714,0.03506309201379701,0.03437420323181204,0.0359771204256486,0.054338508016991305,0.0586931317980863,0.047639160825704394,0.04472100485397192,0.041287144430921095,0.03766278124413698,0.033559274742508576
1,1,0.025646741527878287,0.024554906507211136,0.024212677845089722,0.026842971989054967,0.031126324762441513,0.039094130150502115,0.06937587225137795,0.06576912752099291,0.04983351674487167,0.04583666273679319,0.04040103547718135,0.03768204445518924,0.03580449638226627,0.03425583319335449,0.03266085924511892,0.03334767135373414,0.036316269519200126,0.06182250891285884,0.07029502308473613,0.054324090543028974,0.04803524641248601,0.043450481239432896,0.03626917383175222,0.033042334313446914
1,2,0.023209109039525725,0.0227962760031691,0.023016655991694775,0.02451863971514521,0.029527275818001346,0.04503583451466317,0.14279469752391244,0.14371203681499317,0.06524097610728802,0.037170758064663016,0.034315531932331805,0.031055365159927278,0.029523026066156487,0.02796943821316149,0.02648141796005841,0.02637820970096925,0.02770413227656171,0.04034835822979623,0.044876165266778185,0.03690363080584402,0.03447095142837194,0.030944871611961227,0.027273086018012878,0.02473355573701322
1,3,0.03113673499538647,0.029923856722893157,0.030147677439844867,0.03134374704189517,0.03563526600605644,0.04595755899179826,0.08553313121644346,0.07512237154415947,0.05188305765639362,0.04530821351257864,0.040693791142538405,0.03700738431432568,0.03528405326048398,0.034001286305622325,0.03224345324402916,0.032352267268476044,0.034114523664396317,0.05025438595715206,0.05368512406125786,0.04374677649510912,0.04084064584219844,0.037795622491416526,0.03438346239148456,0.03160560843406004
1,4,0.03300536935763492,0.031222008178303645,0.0316074901169532,0.03283088805908829,0.035905613732895504,0.042328960142181966,0.06961803812010603,0.061250036772948095,0.048759407534548826,0.0445901160402078,0.04233098899449064,0.039148734148323316,0.03671614023021387,0.035318260989532134,0.03405022829660603,0.03356026046405939,0.036158205845326384,0.05423223663721788,0.05626413222436267,0.04647086213035579,0.04259068209000193,0.04123135104318513,0.036783092356400364,0.03402689649505619
1,5,0.03574374714732571,0.033148598682640244,0.03198973246625992,0.0320577779080528,0.034497992136040635,0.03899736611797613,0.04727378554589193,0.052240055943821674,0.0585557197951518,0.05500060717471138,0.047380564546859225,0.043520817717776814,0.03914287867811784,0.0367811784214295,0.035766777912240214,0.03536269267328555,0.03623786174003709,0.04946170821277076,0.05660857330692472,0.04695135483708874,0.042619477327258785,0.039703991859671446,0.037211434984150644,0.03374530486451628
1,6,0.03461137730560589,0.03154775515440718,0.03077383101759643,0.031304610539232676,0.03374536861240989,0.0375301473456368,0.0466713502182611,0.05079032346511081,0.0529693130802491,0.049486654464600724,0.044978649833471794,0.04188709191797646,0.03913386714785159,0.03741426565670256,0.03607852226014818,0.03584468956640589,0.037166982409780405,0.05230713200062493,0.06375769138843854,0.04995225053621147,0.04583845057904631,0.04264549618573352,0.038372358906283786,0.03519182040821395
2,0,0.02873339568259039,0.02710278823666009,0.026908850574859304,0.02848586998266044,0.032490937879980655,0.03994860651962278,0.06469990060694833,0.05867124631741724,0.04960721243956991,0.04809143650391639,0.044364516042599944,0.042474899745712,0.040928502073984664,0.03998688368971505,0.0386038019437147,0.03913075098531816,0.03856935249063166,0.04778649504884805,0.06926253928194581,0.04865921452695159,0.04315112975067528,0.0380117817129544,0.034388209610887045,0.02994167835183609
2,1,0.02442358672689102,0.023294050272289542,0.023092158826548862,0.02566396554385993,0.029976261260726306,0.038636480596648606,0.05719993718932799,0.052314955933563195,0.046416558793296155,0.045000679569245465,0.04335519830886225,0.04211613904382627,0.04050232702983375,0.04076623741642288,0.039718513181664035,0.04061316939220118,0.04159623558224569,0.05088060298245128,0.07982101597581526,0.05261185511847597,0.04766881357766157,0.04282605798375104,0.037813080190490525,0.033692119503901254
2,2,0.02915187830999328,0.02703503530443851,0.02650970629450255,0.027437442501704733,0.031493862319806325,0.03892480937414682,0.06243522343950759,0.05367283906688111,0.04596499445557929,0.044656847586009685,0.04315978929907395,0.0426603385654895,0.04191504420656558,0.04097695668882278,0.04042963114398803,0.04186458156768011,0.04047879986905592,0.047962797389917045,0.07151720452507541,0.051170409743688604,0.046758163625753545,0.03998323087692421,0.033401091286913744,0.03043932255848167
2,3,0.026134251914970767,0.025218691927661692,0.02485738890579574,0.02621713146120525,0.029058345905556168,0.038199700856637805,0.07390654036169152,0.06267377186109904,0.049561968648221655,0.0472517012969354,0.04453351117902629,0.042496487331731864,0.04062522257690639,0.039480448844542576,0.03844963448825117,0.03890158701381109,0.03999197104395853,0.048110281596208275,0.0677954688198082,0.0487228132425975,0.043816085106934036,0.03949469376655164,0.034617750467816184,0.029884551382081185
2,4,0.027508295169088776,0.026040134725311307,0.026189078538448155,0.028212962116954687,0.03185645320973918,0.03817091990953228,0.07141542932741228,0.060608867288559236,0.05153956586007542,0.04904256663984008,0.04491344361850858,0.043078555970957215,0.04035626358799388,0.04001582058653823,0.03910213164880801,0.03868283604039757,0.03903329207130779,0.04882978976393031,0.0632485521785223,0.04498228319600881,0.041567840151997784,0.038823018452761655,0.035162004558431666,0.031619895388874775
2,5,0.033638397508307466,0.031146156630073592,0.03077739271574745,0.03132574054374171,0.03330253446366099,0.037380871434368246,0.042883541888290584,0.04737451059956351,0.05185725409341655,0.056061711064562474,0.051702345832008154,0.045024840156608126,0.042099404494258794,0.04225294188609719,0.04046121535812597,0.04011712709605957,0.0399142383997017,0.04789955364486802,0.06472423587730171,0.04623257624776549,0.04223512058168739,0.03792373578408256,0.033616463595187704,0.030048090104515097
2,6,0.030114784185803378,0.0275097939833968,0.026148094559411535,0.02729608081823262,0.029615157461838487,0.03251183725453671,0.04009432259424678,0.04418952892131168,0.048924430735996366,0.050764096765855575,0.047364902233446984,0.044787348180622286,0.04310074698527257,0.04202496112008802,0.04098094342810357,0.04063726955439361,0.04115711238857674,0.0500796370341811,0.07529490250780846,0.05301241702369762,0.04763926372926586,0.04312096309549081,0.038658978768752246,0.03497242666967021
3,0,0.024734742063941776,0.02257759663055657,0.02195972080290352,0.023201385145555576,0.02606805306045624,0.03330715326769593,0.05372366267330333,0.05212920798567553,0.04218012607820317,0.041791859609151646,0.041735689079365014,0.04181255401486252,0.03959332536434472,0.040434897863253334,0.04231907423083328,0.04709948195004371,0.0526968259708879,0.053906955981028154,0.06839993811387245,0.06432314018883152,0.054964341568064394,0.04277435115647237,0.03603388758207549,0.032232029618621816
3,1,0.02645155515775341,0.02400268516446632,0.022968001790109643,0.02378787200716044,0.02698769299619601,0.03515685835757439,0.10244618482882076,0.09287357350637725,0.05308212127992839,0.040947863056612216,0.03682345043633923,0.03673036473484002,0.03571984784068024,0.037855448646229584,0.038680689192213014,0.04182143656298948,0.04464085925262923,0.04230834638621616,0.0515211456701723,0.04847527411053928,0.04161467889908257,0.03564018796151264,0.03149429402550906,0.027969568136048333
3,2,0.029505323577093283,0.027174341672873848,0.027145861630811022,0.02757087148928712,0.030857030188844583,0.037564080094641364,0.06542741970818912,0.05738071243920607,0.04590435087411821,0.04482977697936292,0.04339482101388951,0.04235420409236296,0.0417725540025413,0.04348245191254436,0.04397647110371117,0.046028129518468214,0.04753976252026466,0.04555930421066468,0.055703676116198565,0.051933356701572966,0.04713227884151952,0.03715659641589625,0.0325406388292512,0.028065986066687115
3,3,0.026016169665634577,0.023346970856892326,0.022026001403884995,0.022782463704575345,0.02606160283684721,0.032159870242863015,0.05436306101447728,0.05235605067615916,0.04432346600576546,0.043174006774085824,0.042615178768170434,0.04329554050707962,0.04350112560681679,0.04491296140224939,0.04696654074106046,0.04980952142969103,0.05503206446058332,0.05253664753172938,0.06192768402138085,0.059619678923779035,0.05228562926077959,0.03925993907411741,0.0335773851846972,0.028050439906680262
3,4,0.024717034955942803,0.021918922942813727,0.02174276235709683,0.022814500630200282,0.025978572053657376,0.033833061136815404,0.0556019634517928,0.051050201220849675,0.04665073265755859,0.04978639108331942,0.04739969927683238,0.04579152360722327,0.04477320176978879,0.04658367798299539,0.04696100259240191,0.05003528894313877,0.051636645493300784,0.04905560878257124,0.05391423138863411,0.05263791953211748,0.04895673155058821,0.0413193177698297,0.035789011898226905,0.03105199692230409
3,5,0.027853436327285336,0.026122693414636404,0.025525885513722982,0.025975549397687057,0.02889990811216284,0.031686383621944834,0.03581053201308449,0.03800946043420861,0.04193913176798166,0.04573503581361895,0.0455168922360437,0.04636168410957805,0.04596244020344976,0.04717046171322969,0.04867174227776879,0.054696415139575884,0.05704351655678883,0.05349559648377247,0.05249645773931224,0.05546403357764727,0.05036749989967453,0.04233837567410995,0.03821011136641226,0.03464675660630332
3,6,0.03503541535310864,0.03195049428906858,0.030404886746313253,0.028820239259571317,0.029548899826310523,0.03149273180859812,0.03644076828228244,0.03907124398527573,0.04049097109861889,0.043941881005740396,0.04449473424302357,0.04319110630950986,0.042010211794673034,0.041603311812032626,0.04128376264088295,0.0449171141163079,0.049461567726775506,0.047054444731644614,0.05363892678768708,0.06502549206277111,0.058267414090221736,0.04698367951727237,0.039397427395272806,0.03547327511703689
4,0,0.02457159558263898,0.02202595713312432,0.020445905681701425,0.020493786028714243,0.02301947433364023,0.03074915785452155,0.04974768054631475,0.04625740275052642,0.043694806678111396,0.042633458985993994,0.04036612505349132,0.04147834561430983,0.04263545400045286,0.04674717880017835,0.05232723424163016,0.06357811828241224,0.07643897899150023,0.06316116026050897,0.04859156966740115,0.05020753137908366,0.05300154912872731,0.040031960131631045,0.031523223464562045,0.026272345408823346
4,1,0.02634659826802448,0.022781065088757397,0.02103893135586764,0.021193844122203317,0.024298448332783096,0.03188028544581863,0.04773090890621429,0.04641034106204129,0.04329176930695585,0.04428473474363207,0.04361302283058639,0.04385174086395612,0.043384463011402585,0.0470414201183432,0.05097518856185084,0.06566269649795567,0.07009675699012113,0.059859816644233926,0.04866673438809457,0.048902912867917814,0.054608019910099795,0.039895116438530095,0.029838484394443456,0.024346699850166346
4,2,0.020957307816409327,0.01955028008315217,0.018781968886702527,0.019472258808469672,0.02175867887501256,0.0260683625053557,0.03913362002845794,0.03711300125362997,0.03560547153942587,0.03591887903264199,0.035963840445170876,0.039478764989341504,0.04213413311751855,0.04689475326763677,0.0491097640319279,0.05925781931859657,0.07198851103670438,0.06679150070615865,0.05616606100999202,0.061566720091403904,0.07463594479796455,0.04959640520282886,0.03959645809860831,0.03245949505688941
4,3,0.02441198152963657,0.022237055891554464,0.0191158725559594,0.017905542942861438,0.020205169207747578,0.026100330212149993,0.03688204421003987,0.03739429482406819,0.03772438471854947,0.037608241977898645,0.038811236260008146,0.04013893116892168,0.042948362937506646,0.04843763562721359,0.05350023656442439,0.06452646159526335,0.08014704893521557,0.06682242019465523,0.053497791454094897,0.056298665336526645,0.06266206496902656,0.045461936356223226,0.036609414408301635,0.03055287612215282
4,4,0.027613144328915415,0.025531336913872826,0.02417308451503408,0.024084226881465186,0.026598897911464796,0.033081696977698,0.04441739223155792,0.041859561779539124,0.04065236735776749,0.04297155159391554,0.04196999912411761,0.043460268578544424,0.045021624139826376,0.04790315025698898,0.05333235166804817,0.0610578882094806,0.06854604792980755,0.054630942512919264,0.047024729079422206,0.04862289708889698,0.053196526428164324,0.04166788316998337,0.03376336196664791,0.028819069355921795
4,5,0.026316400985267458,0.023357500271103466,0.020992445250009036,0.02078976313302659,0.02145848502217884,0.02543079632125502,0.03341802089304065,0.035958647684259985,0.04099859026196341,0.0449244266807124,0.04729464557739874,0.0505001213510764,0.05000438929425312,0.05196149814358672,0.05382694820116393,0.05733838360366221,0.06212787821515805,0.0541587272079441,0.04826674515757566,0.05157549844309151,0.05834921225077845,0.04644776998032562,0.038856872860219056,0.03564623321094948
4,6,0.03048998860491617,0.027942373433175967,0.026724959884653843,0.026106369619311186,0.026811004395246623,0.028244691983907347,0.03272249482570172,0.035861956698681426,0.041026952861561355,0.04336294504778959,0.04367340294411758,0.04468151903444106,0.042989697914002006,0.045686146833794565,0.04744889653728983,0.04995814050836027,0.05282667844933838,0.050944164089207225,0.051613915955442895,0.06064393851305785,0.07220646031487638,0.047417501918560034,0.03865840329294667,0.03195739633962002
5,0,0.02680803855718892,0.02425241820339051,0.022171891862904795,0.022886627653655626,0.02582684792299287,0.028600324438098686,0.03506478707073957,0.03395120692313365,0.03167796167072214,0.03294068949799238,0.03583231108519181,0.03966741743251487,0.043892989053565805,0.05071775226067664,0.054769038952681655,0.06645534619019848,0.06998461600337845,0.05931133991594106,0.05007842821807066,0.05041191572653354,0.0590398576226195,0.05435511224619758,0.043733786474148856,0.037569295017462014
5,1,0.028692876600827373,0.026470079166205376,0.024386060385867034,0.02403755443943559,0.025734864160646426,0.029305685714686683,0.03576668969248833,0.03422609069886747,0.031049774757566168,0.031368653800274135,0.03290691382781155,0.03747725355483862,0.04146051279492413,0.04813748130776272,0.05915011328392398,0.07042938739359655,0.07840292277201787,0.0578527667629801,0.04756053634051604,0.05125376378625592,0.05809056164812907,0.050757902976568244,0.040449299791520156,0.03503225434229053
5,2,0.02411749552420811,0.022461161259254177,0.02123784286895995,0.02143396216645156,0.023766681467308915,0.026155712249624267,0.03056807281398182,0.029172583687275808,0.027307832215086557,0.0285240307628976,0.030108519344612027,0.03479855376581415,0.039617392610121316,0.04793077959686158,0.06252257313696377,0.08292609991857489,0.10049592939187485,0.07717715074259958,0.046253733062865635,0.04843758292998347,0.055829921202761465,0.04949520316794154,0.03764584350068415,0.03201534261329288
5,3,0.027815387977302958,0.025208595107704616,0.02430053641905949,0.02377637246057327,0.026256184765580597,0.029792445837621386,0.035514692094278634,0.033845488277183804,0.02926828187913517,0.029958554134324758,0.031488965241285215,0.03546818177120169,0.041768484900386704,0.04756308054849697,0.057768036038856045,0.07255536574093897,0.08181682610602287,0.05676769496315349,0.046934083798313514,0.050326384346544725,0.06008469308354583,0.05418452638464185,0.042065265057163403,0.03547187306668398
5,4,0.026009680757826475,0.02358909898649417,0.021835452225091347,0.02228426025530273,0.023815072260446754,0.027176424710491358,0.03214312896090741,0.03146128599193244,0.02885710093551366,0.030166647443245792,0.03402388568890855,0.03926599486695431,0.04459598254042607,0.04965919620992602,0.05547800801420494,0.07179594613362081,0.07830993960707326,0.060688732015312837,0.048603085005967106,0.0526619730134556,0.06441650640610692,0.05812063991237259,0.0414480492935589,0.033593908764859896
5,5,0.02941043983172332,0.026338498281638215,0.024587897892831816,0.023962557289766765,0.025156710531777992,0.02592778729233702,0.03011968913152733,0.0307715272177731,0.030162968354055842,0.03290369136438191,0.03570889158378107,0.04071868240381635,0.04611975272548696,0.05090696468680417,0.05609605514302902,0.07302883014495008,0.08239392395045679,0.06175061805379519,0.04735983493834479,0.051005888624012195,0.053785474609669995,0.05004932948118813,0.038815279862001124,0.032918706604850995
5,6,0.029723294729277316,0.02667017471767472,0.02465924335802295,0.023317692756091597,0.023829954974847092,0.025465289353777957,0.02941928430181263,0.03016861887226077,0.030734803429832636,0.033628015815979795,0.03713482723003735,0.04051984853400966,0.04573636996674479,0.05171524170688374,0.05726273473649176,0.06965836479577844,0.07269753937492852,0.06167692895545922,0.05203877573978195,0.05129501934231479,0.05636093010456284,0.05151907595705178,0.04037667542749723,0.03439129581888043
6,0,0.034803883359958473,0.032779565819833476,0.031425732519166694,0.030177844809384964,0.030970923232581604,0.033318374824905996,0.033669508783267875,0.031966055032680435,0.028353310383500342,0.029110064604107817,0.0318313527814123,0.03630225671676127,0.04159045521036632,0.048198433064710826,0.05270490444842835,0.06591253586069064,0.07042506127817302,0.05222436551834259,0.048573783158132135,0.04742881402235302,0.051491827432794554,0.048546540006190256,0.04564438757016057,0.04255001956209661
6,1,0.036167235612211975,0.03420402604251621,0.03291740695417982,0.03181803885311695,0.03339211746488495,0.035645712354688476,0.03531729167779079,0.03349452034855015,0.029554203674946912,0.029408645290308517,0.03196798593276958,0.03552868048764253,0.04047473976867187,0.04820908328207093,0.0536788601681309,0.06503095127158781,0.06521893370803036,0.050658706549176424,0.04770365190626625,0.044108579240448545,0.049755366825415516,0.04865526727518362,0.04561975322367935,0.04147024208773147
6,2,0.03627383645904876,0.03480946301494555,0.03366065173555753,0.0332454021767602,0.03311133981920144,0.03453721330421086,0.035587024688786266,0.032863840082169915,0.029025531660372608,0.02836278236454374,0.03147784155479334,0.03500127531114499,0.03911802093710275,0.04687507519523259,0.05107225823572562,0.06370849480972426,0.06939548876729318,0.05007400929636512,0.045750326390278206,0.04501607717041801,0.051244133053108626,0.05038682146400219,0.04654301304804862,0.04286007946116557
6,3,0.03685072261809461,0.03508165073843104,0.03415066430790416,0.03386405489723241,0.03451238515033817,0.03649163726449436,0.03650481470866318,0.03537353112677031,0.028317009774369215,0.027683833582057598,0.03004457270490102,0.03347861465529454,0.038225788917110586,0.04482307634022843,0.0524732415524347,0.06599988799172456,0.06893648142474525,0.05098419036135847,0.04515778342211637,0.04530075869134802,0.050376051312967594,0.0485259381516658,0.045040504169013916,0.041802806136735746
6,4,0.03811716091244419,0.03667335726229513,0.0358866176712384,0.0358785517290588,0.03593997698104194,0.036901685471686985,0.03744520588317414,0.03490567501078044,0.026267671393515605,0.02563232333259913,0.02845788492382338,0.032077011134102495,0.03790496458741155,0.0448826250298595,0.0543557638912587,0.07069115817622844,0.06901592403123381,0.051626993606189685,0.043875623171590515,0.044754190412076574,0.048048197106808584,0.04667760739336669,0.04389982099812933,0.04008400989008603
6,5,0.04122613662438662,0.0395178605206862,0.037819984880326424,0.03658622991654278,0.0359472514500521,0.03686964254257527,0.034316978821406496,0.03218813398136887,0.02602975962579133,0.02623841892156295,0.02881448368524818,0.031940472948069835,0.037097802707110605,0.041989270622006206,0.04931249687173564,0.060825809789826116,0.06500419593692898,0.051251533255806545,0.04463488848428196,0.04507950829209442,0.05304431312414968,0.05068275791686522,0.04835370415752021,0.045228364923657345
6,6,0.040116776038535494,0.03825280490733848,0.036444029399874386,0.035317740320999845,0.034654646949397544,0.03474191570584014,0.03179044160974307,0.03027703727793085,0.026258199160728163,0.02747324876965971,0.02966988541686868,0.033194200580896636,0.038349024305467494,0.04503664541883782,0.05155122079293734,0.06171019910702431,0.06562535895802596,0.05094108538464636,0.04403491943676595,0.04703413028852392,0.053985049444836446,0.051610891737513466,0.04787847415427625,0.04405207483333159
7,0,0.022331088803075508,0.021474915943109487,0.02051758641039736,0.01926927002331769,0.01985210463990592,0.02044699196643837,0.020353153010444106,0.019879223237280412,0.018246511493765518,0.019284766364674542,0.02228330841722521,0.026456559235410525,0.03266327440275594,0.04343452300754716,0.0785470802525387,0.14208380163133427,0.15625391444039483,0.09727570014407293,0.042977811391446616,0.03553440209303917,0.03603846364106341,0.03277863605507916,0.027593818509432752,0.0244230948862504
7,1,0.02578491350561985,0.024703797983493467,0.02352042866435988,0.022871964886354408,0.022841134595799475,0.023408411942010276,0.024467432422572297,0.02355536966032214,0.020909103054356885,0.021467645151577126,0.024115453272070122,0.028287819260504644,0.03444360060797333,0.04609385357050735,0.06927360752423518,0.10991717956280593,0.14813132470564783,0.08529970639286628,0.04521827331874718,0.040172896269432073,0.04075610259909627,0.03663666194278104,0.030644794973429427,0.02747852413343761
7,2,0.02099744216449724,0.019882453248451084,0.018541465355539133,0.01780435400443358,0.01801807537088615,0.018736997669527647,0.019723753765702266,0.018726993690672423,0.016861706360484282,0.017409651565963732,0.020208037287557545,0.02382447564372193,0.029051099869266177,0.04055203774228385,0.06984277837776388,0.14882146308190755,0.16629386687887227,0.12370829307110781,0.04076848746660604,0.03431046438924572,0.035040300119365646,0.031984084579093956,0.025789348036150742,0.02310237026089922
7,3,0.02154875523641725,0.02059755039469412,0.019760788217196207,0.019110328051227737,0.019217850926453294,0.019893328791112865,0.02063587537992304,0.019877360047267482,0.018326795019881086,0.019331761299217,0.02249304028914072,0.026350556510723017,0.03195718247483592,0.04081291552002214,0.06509977803446056,0.12733529571452146,0.18958784672135076,0.10156653377123179,0.04109183624585479,0.03495078965438317,0.03563265501658088,0.03353542665822098,0.027441754006823978,0.02384399601845987
7,4,0.025973196347373585,0.02473355474997396,0.023906551511597325,0.023016818034540767,0.02147906392671727,0.02224794098062902,0.022429801122123116,0.02153028402985959,0.0208120515723133,0.022620293865270414,0.02743037950643388,0.0333926297149112,0.03920639917495348,0.05170237782135003,0.06878917402691875,0.11923982460855467,0.14343585602892267,0.06901362166990198,0.04269972531061539,0.0401087938011014,0.03991427251051594,0.03647792154576517,0.03203961328246621,0.027799854857190873
7,5,0.024307217595980774,0.022385624147002386,0.021768993413375005,0.020936764444092804,0.02036364895068932,0.020460074767094563,0.020623751409300388,0.020104535474810604,0.018372332219079447,0.01964713096109342,0.022874181616788964,0.02732361492968332,0.03358634808236247,0.04206489704689756,0.07127648001265897,0.13644253021342248,0.15270486777300865,0.09656625195324091,0.046380817690923115,0.03781721621140494,0.03659582253693851,0.033249599461993386,0.028683960678046554,0.025463338410111357
7,6,0.024557511200364358,0.02329500437678261,0.02259638035232985,0.02151845054973959,0.021104998022718667,0.02085120461885538,0.020844282980568198,0.021117918414188072,0.01819329551657802,0.0192057004767163,0.021869608332175886,0.025433329164968946,0.030720076488717492,0.0383943275789909,0.05872640932630773,0.1232079301671299,0.14998313427470691,0.10779113448881629,0.053753442938244696,0.04124788832351923,0.03995769494678876,0.036851263683502083,0.031523447972582934,0.02725556580470736
8,0,0.01157131062840605,0.010775796454392254,0.01027542126254296,0.010131433555224837,0.010364965856646272,0.010809465221775096,0.011745743497719298,0.011927698112937228,0.012524423288041677,0.013632269006287823,0.015313558305171558,0.017534622417310044,0.021051934073688036,0.04312431834177739,0.1180555928658031,0.24312073655801328,0.2142780646189609,0.10307621498582509,0.026727628626332208,0.020124610257154167,0.019969519020167234,0.016814325702343026,0.014212159797700854,0.01283818754577967
8,1,0.011177394920172768,0.010462231529933662,0.009979952033485746,0.009801419181376994,0.009963440324620198,0.01082411314923695,0.011730193173233969,0.012025339969205663,0.01264418505772906,0.013600832190126822,0.015397512511059405,0.018064497486780313,0.024887961175468553,0.06683079763937602,0.13260037399020583,0.2142989334812049,0.2081125465595791,0.09546416477584668,0.028413899006132722,0.020356185079744668,0.019307691566782297,0.016849166915488947,0.014304299786586165,0.012902868496622666
8,2,0.011903069042772491,0.011210297828642874,0.010842698174829598,0.01059177577813289,0.010674311678763645,0.011215932809810434,0.012123164777787833,0.012384362728378326,0.013347944508031336,0.014312852165606127,0.016232391926861923,0.019266000611892663,0.026033612994133988,0.05561925294071436,0.14407055791948542,0.22362455910415727,0.19401439041602406,0.08403646296872683,0.027169558903618284,0.021791466583401534,0.02093362356801041,0.01932268189304872,0.01549454086339181,0.013784489813777131
8,3,0.017231328862533812,0.01628065404572421,0.0155794734003505,0.015353630163381583,0.015362905039643143,0.016821379331772992,0.018772349553391524,0.01901674254288355,0.018598909367300406,0.01990620317636688,0.022659450194610086,0.026875345199300855,0.03361122408425668,0.05550456949966217,0.10290011468384498,0.17834891435254638,0.1800531728656075,0.06934546734478378,0.03469916706973734,0.029651779408197968,0.029196846727568605,0.024887739216449187,0.020617586185628298,0.01872504768445758
8,4,0.012152940618337618,0.011321088165857689,0.010892305708854537,0.010842329375183563,0.010922726085871652,0.011282700547240855,0.012496256301816494,0.012932281705728481,0.013478037755309353,0.014604315999633504,0.016969862460059677,0.020086502514932242,0.025596212228484554,0.06383209110758058,0.14258537714205624,0.19904813191724063,0.19826154788294087,0.09476490661849624,0.0282645138697001,0.02170059323356657,0.020555483327279436,0.017899494695808902,0.01556835223319971,0.013941948504820358
8,5,0.023188639618678848,0.021387044364813843,0.020409116383336447,0.01993713522295626,0.019765891683507977,0.02013173015414749,0.020880389925785035,0.021569609791167794,0.023645760802495346,0.02562638339305628,0.028373356203544885,0.03418572989374409,0.04237994554172399,0.05836291176287439,0.0791272523478763,0.1256481780253497,0.14693474064387574,0.07034288334493828,0.04157892204314771,0.037233440325164596,0.03587410627855239,0.03116844703338258,0.027401089165520327,0.024847296050359756
8,6,0.023833650336870137,0.021847774039565487,0.020804679583483213,0.02039010635488252,0.020277254663165135,0.020216126663484872,0.020897938967610778,0.02124824942731685,0.02321923557085322,0.02486342202379133,0.027629855855474603,0.03169878629572943,0.03747616595781698,0.05323151602925053,0.07453148914860451,0.11927640122224653,0.14998303306162722,0.07728068174960874,0.045556033607860744,0.04018303917442718,0.03869167272068971,0.033244227518414805,0.02817217092956095,0.025446489097664518
9,0,0.025677435643711864,0.023957922501942584,0.02228937532196766,0.021924772672208104,0.022236057085013576,0.023648990364296858,0.026927277845253228,0.02687709597517879,0.027527108010986692,0.02950380323688744,0.03296399999686363,0.037445868267886505,0.0446736257420448,0.06268421254844707,0.0766488860800981,0.09820199927706741,0.09907861381993022,0.06050600575052867,0.048323572698239954,0.0490668916487175,0.04413887518906412,0.0366758901989319,0.030729338595111497,0.02829238152962181
9,1,0.024081000635789343,0.022669072798263044,0.0213046949476605,0.020857571683522626,0.021347643322946475,0.022744232455013495,0.025991436400742095,0.025824244511235987,0.025952322701820935,0.028069830990473898,0.03032231988716849,0.03388089955372035,0.03939669803687579,0.060630068004150654,0.08116092526139071,0.11223100703969886,0.11997935410245181,0.06621105598550799,0.04184628929872205,0.04391011211826755,0.0404673396779332,0.03473066383616422,0.029333740320318182,0.02705747643016172
9,2,0.022005679945845364,0.020234360312718688,0.019571008973113535,0.01887620563033746,0.01925934821441974,0.02043307978729868,0.02328949352982257,0.023398145904413074,0.023689791751998094,0.025273114184353056,0.027362527940458497,0.03087157074877927,0.03592104689422191,0.05047045763379432,0.07470922980477598,0.12518898007587081,0.16548114059259864,0.06387830362191262,0.04127575043407338,0.04337660128224098,0.04027857896990401,0.03242701526923272,0.027674903517406178,0.02505366498041041
9,3,0.011470283632109585,0.010357843736248915,0.009789938495294833,0.009349903746572035,0.009810638157222612,0.010558163045227425,0.012083260717583828,0.012188762220312512,0.012258540112940024,0.01309620868998517,0.014278426478473353,0.01657976147312149,0.020080007532006016,0.04487820252148591,0.12478090075580474,0.20710846422530846,0.23678343279187022,0.10724160979267618,0.033269364700666194,0.022095219780329845,0.01997717695339704,0.016066276311106572,0.013489836132127946,0.012407777998129015
9,4,0.014221644851145193,0.01284990328328627,0.011825166673548534,0.011656031533777794,0.011823181519325873,0.013092489129295478,0.014926771631034473,0.014900964626139879,0.01521938336345474,0.01631042412422936,0.01783541959807774,0.01993372761143068,0.02345340604820907,0.0433704583641694,0.11070569850430541,0.1939467883380924,0.2129697271921661,0.10379775884028879,0.03429155404225043,0.026181404980990166,0.024405088982552878,0.019780473705441226,0.016786464106823527,0.015716068949964586
9,5,0.030773291936324124,0.028046998192377215,0.02652869994510701,0.02579533654300009,0.025943058134127714,0.02597714773208023,0.02854173440881644,0.028780361594484126,0.03052067927457336,0.03347598518938082,0.03674858659282335,0.04142672834261619,0.04566869805706773,0.05356349930597074,0.06409980735006697,0.07773040197754631,0.07847075811769477,0.05795319061154989,0.04879182968487226,0.051055728625822076,0.04949897031932338,0.041492285261755656,0.03559391072371342,0.03352231207890606
9,6,0.02885760729196077,0.027338170360705474,0.02647111399201773,0.025817898115029478,0.025584010077233172,0.025701789410552026,0.026925525036879134,0.026887100573526886,0.028250333708111076,0.030700310904027382,0.03337916425121581,0.03847541753191319,0.044372737342062936,0.05252039420158142,0.0633936820158476,0.08264016158322154,0.08718510734625622,0.061408139637841086,0.05110787751617586,0.052227198839915334,0.0498365289678688,0.04232538169692455,0.03546912093180995,0.03312522866732267
10,0,0.028173574879860233,0.026580706243721237,0.024381067221986213,0.026207546311537655,0.02773025471249338,0.03226831124313914,0.03661439086652516,0.03710705449599894,0.03431298095419462,0.0327825626372847,0.034384683172568736,0.037018390462525565,0.039708380138948104,0.0467228616740849,0.054854510030986146,0.06524747673725609,0.0651842554264316,0.05179521538035714,0.053692625696687285,0.061789579431794625,0.0549986854593298,0.047889371957956284,0.041598080539324046,0.03895743432500843
10,1,0.028187717252422903,0.025904300133350454,0.024789094277089953,0.025082716331802687,0.02630811763852545,0.03168467920570004,0.04072698309964459,0.04014810826493776,0.03573680304864782,0.033677961467859195,0.035664269334419484,0.03756688445379324,0.03966896728729489,0.04666986558944803,0.054043894056141094,0.07072246369129652,0.076373119005507,0.0513413157615761,0.05513678184648518,0.0616962009072294,0.05175141022279011,0.04254241827403237,0.033903234445702944,0.03067269440430293
10,2,0.024787298008020084,0.024022696993425487,0.02330024452743903,0.02395947417051327,0.025048750723604966,0.0296277953872365,0.038393376355586234,0.03723165698457429,0.03238984246321387,0.029831952419557196,0.029438126918499855,0.03136115444874638,0.03463556981874148,0.042939492465617665,0.05417603209611975,0.0893549230492631,0.11110225698892087,0.06377404689948032,0.04952191033027998,0.05539768143468391,0.047186617308960066,0.03913822023802076,0.032913406465455645,0.030467473504039347
10,3,0.026643297103859303,0.026061940427569874,0.026016043847862817,0.02587170243052322,0.027584509571764955,0.03440247974563983,0.04492942569410261,0.04284013356569862,0.03483816466894597,0.030094187763572745,0.030279104418044676,0.031510330056273204,0.035400896646223846,0.04472189333368808,0.05467280394843618,0.0885484707791776,0.0975382138913648,0.057424603227394275,0.04920046827814658,0.05406018438452022,0.04469462145299259,0.0369600500206202,0.028616850031262884,0.027089624712314915
10,4,0.02758011536721255,0.025023323612527282,0.02396393939202364,0.023896203828052815,0.024610588242731747,0.030048399318309285,0.04084183565184642,0.038751064577280406,0.0326512512564947,0.029914734472073528,0.031641539782903,0.033131722190261066,0.035796890847299645,0.04182354975899686,0.04930245916222849,0.06812210825588148,0.06681526344167109,0.05142303388494165,0.059201786051350784,0.06628421662013986,0.057631224108080664,0.052029041397267266,0.04641060215110088,0.043105106629324805
10,5,0.032358507757805514,0.029442783942282443,0.029503049887288336,0.028471354304925593,0.028411088359919703,0.030379775896778784,0.03415931159071962,0.03455821475052052,0.031172560054296746,0.02940045429043307,0.031016873029698192,0.03382569653800843,0.03598953094441041,0.0402633908777448,0.049837066712966206,0.08011998662669982,0.08992539936950342,0.06516327048934514,0.052351735013509614,0.05882243213265395,0.04990737698213976,0.04071036330320515,0.03377188765853889,0.030437889486605897
10,6,0.03369527228756247,0.031172272341134767,0.029951164176972245,0.027518301741269627,0.026980878092418153,0.027883953907418574,0.03079896699011294,0.03181939163983091,0.03313744014571664,0.033809219706780975,0.03498866053108002,0.03798615793962658,0.04062905778239615,0.047333247731043276,0.05809872778556796,0.07196714912911006,0.07220779927566859,0.055309567076338814,0.05530956707633883,0.058605538694927885,0.049530562143436,0.04234507190167188,0.03567489610801536,0.03324713579556133
11,0,0.030060228300903876,0.02880996554465942,0.029250482100587654,0.030189093102534332,0.03166509774532294,0.037458530210113604,0.05314622042278621,0.04646992697661241,0.03941709240794392,0.036634161053584,0.03604650100075856,0.03548717292559657,0.03543782044837639,0.03887421515852198,0.0404480108209876,0.042826983009952746,0.045556906148039145,0.06934205836387398,0.06507032728003875,0.05508010638200646,0.05050494895674346,0.045492016779842256,0.04054762971019129,0.03618450515002239
11,1,0.029298933725787343,0.028669410466822202,0.02850512025045813,0.031098448992877947,0.03386374506457604,0.04129442265423895,0.06894891879380272,0.06140001366526099,0.044366803242505415,0.03845465858727303,0.03689159839794008,0.034836435270806314,0.034860234320840365,0.03604250970962855,0.037521121656905215,0.03775604131208002,0.04078696549060974,0.06657745861460357,0.06437028865176844,0.05316016837444044,0.04537250503426679,0.039233885548065256,0.0355335171234165,0.03115679505102593
11,2,0.03153233132991835,0.030003876622780937,0.030868718613411936,0.03219002553836229,0.03465434433288057,0.040494432163540206,0.061930528552362515,0.05451833701760461,0.04313260713239407,0.03716749081891437,0.03519810726112161,0.033363369761750465,0.03414535263950664,0.035196627634106,0.035135223112957685,0.03670584719004034,0.04099158684078917,0.06820636653912282,0.0640700692169518,0.05509169248615809,0.047964329151907396,0.04311411179469879,0.03849101718438816,0.035833607064331224
11,3,0.0386080036930637,0.03661561387034128,0.03608481114775938,0.036848685887339,0.037248667542315726,0.04234467441718839,0.055241075409323326,0.04748128093373162,0.03950495503589684,0.03787645829777732,0.03652088137310995,0.035196130102303574,0.0339029563305743,0.03401498126777644,0.034711189937905104,0.035396120929791934,0.03972449383900438,0.06363091617602501,0.061053590775159934,0.05346446516362783,0.04706024761270348,0.04237474822583325,0.03898392630112453,0.03611112573032364
11,4,0.03731210627101311,0.03631665203925213,0.03710367432752815,0.03895655762446141,0.04126743351962084,0.04634229823055919,0.0667637490144794,0.06176835333884969,0.044247522343695216,0.03643097591460842,0.03412707098745853,0.03313858772370707,0.03213197994313085,0.03254396415249411,0.03244706769716164,0.03359448903153039,0.03773175854518686,0.056391645713098654,0.053463839149095756,0.049177390920035334,0.044194542986822793,0.041121043191420695,0.037555393054545735,0.03587190428024407
11,5,0.0363230108055826,0.03498768542492762,0.033864250506044274,0.03623659273489927,0.038525009722032946,0.04286917965984517,0.04843899050398354,0.04860268627248947,0.04416628166308253,0.041732449653164395,0.03520289965864862,0.03285548571941382,0.031530131654606906,0.031594945207619414,0.03184505904680868,0.03396978026543642,0.03814277594785666,0.05925038971226105,0.06070370899711828,0.056222433466394994,0.05125754911703997,0.046509540887380636,0.04330708661417322,0.0418620767591894
11,6,0.036931929494606865,0.035495252435354195,0.036036338600527275,0.03649532893374307,0.03779860026606513,0.03877535408492067,0.042901602547956094,0.042510714438977616,0.03821281105457693,0.037196875134105405,0.0341341408577895,0.03380109299405364,0.034149067372690814,0.034253552977000105,0.03581617250573271,0.03889103457540595,0.04270289331833218,0.06833265231109097,0.06532029502256703,0.05608171520582731,0.04977806138156089,0.04551094393414422,0.04082774988385306,0.03804582066911835
12,0,0.035090509365591493,0.03426530803079932,0.03358412446411398,0.03499427000396561,0.03930046952522597,0.04761595989890089,0.07370570003214803,0.06619356943601687,0.04213168138355344,0.03789032398537434,0.034249609411527014,0.03184226027355185,0.03025328698372872,0.029433546038248663,0.02889706278833415,0.02983078936070444,0.034536962399076644,0.06907733754147337,0.06408585916154358,0.05356505405444145,0.04547616983721897,0.04011133733807387,0.033436693952687085,0.030432114733700225
12,1,0.031534036633595205,0.030798456441818386,0.03134376036947628,0.03344994844750812,0.036999451602149354,0.04514188344109208,0.0645856424956511,0.05505326575174206,0.041691385822252576,0.03632729683174551,0.03441061153708415,0.03274530748566934,0.03077757246161022,0.029826964621764047,0.029151715928366403,0.029987848617441838,0.034832158544989895,0.07147271507985802,0.0672487367125676,0.057700116872941104,0.05328354179928639,0.04647845817441527,0.039124976698892464,0.036034147628082616
12,2,0.036715705495128585,0.03722303230560969,0.03753306535645926,0.04005809389359235,0.043926046340822485,0.05197861600914515,0.0773482723947069,0.06651120802637436,0.04527808887006217,0.0381033935355622,0.034846388570888565,0.03297458475051873,0.03149819741478858,0.03063358652699153,0.029267451586349594,0.02998201974098148,0.03303592818838735,0.06115443376276503,0.05792146879401289,0.0479448704865944,0.04171436671604538,0.03730012608563379,0.030604572738810416,0.02644648240976919
12,3,0.028870166461642026,0.027730407377787952,0.02796800066112913,0.03019845065075595,0.03350409633202457,0.039489553212717445,0.06198860413085191,0.05459652614516089,0.04181125279667094,0.03884478013582415,0.03628806980421796,0.03475576529571325,0.033727055246464285,0.033641831568744084,0.032756021827591644,0.03401888177926378,0.03950935265299587,0.0734800270994078,0.06821423683057445,0.05625881828331965,0.05010377489241586,0.04480785504055011,0.040903061079551564,0.03653341069462463
